1.0 0.0 0.9953900000000001 0.05889 0.85243 0.02306 0.83398 0.37708 1.0 0.0376 0.85243 0.17755 0.59755 0.44945 0.60536 0.38223 0.8435599999999999 0.38542 0.58212 0.32192 0.56971 0.29674 0.36946 0.47357 0.56811 0.51171 0.41078 0.46168 0.21266 0.3409 0.42267 0.54487 0.18641 0.453 1.0 0.0
1.0 0.0 1.0 0.18829 0.93035 0.36156 0.10868 0.93597 1.0 0.04549 0.50874 0.67743 0.34432 0.69707 0.51685 0.97515 0.05499 0.62237 0.33109 1.0 0.13151 0.453 0.18056 0.35734 0.20332 0.26569 0.20468 0.18401 0.1904 0.11593 0.16626 0.06288 0.13738 0.02447 0.0 1.0
1.0 0.0 1.0 0.03365 1.0 0.00485 1.0 0.12062 0.88965 0.01198 0.73082 0.05346 0.85443 0.008269999999999998 0.54591 0.00299 0.83775 0.13644 0.7553499999999999 0.0854 0.70887 0.27502 0.43385 0.12062 0.57528 0.4022 0.58984 0.22145 0.431 0.17365 0.60436 0.2418 0.56045 0.38238 1.0 0.0
1.0 0.0 0.76046 0.01092 0.8633499999999998 0.00258 0.85821 0.00384 0.79988 0.02304 0.81504 0.12068 0.83096 0.00744 0.81815 0.00854 0.82777 0.06974 0.76531 0.03881 0.7697899999999999 0.01148 0.75071 0.01232 0.7713799999999998 0.00303 0.70886 0.01375 0.66161 0.008489999999999998 0.66298 0.01484 0.63887 0.01525 1.0 0.0
1.0 0.0 0.66667 0.01366 0.97404 0.06831 0.4959 0.50137 0.75683 0.00273 0.65164 0.14071 0.40164 0.48907 0.39208 0.58743 0.76776 0.31831 0.78552 0.11339 0.47541 0.44945 1.0 0.00683 0.60656 0.06967 0.68656 0.17088 0.87568 0.07786999999999998 0.55328 0.2459 0.13934 0.48087 1.0 0.0
1.0 0.0 0.83508 0.08298 0.73739 0.14706 0.8434899999999999 0.05567 0.90441 0.04622 0.89391 0.1313 0.8119699999999999 0.06723 0.79307 0.08928999999999998 1.0 0.02101 0.96639 0.06618 0.87605 0.01155 0.7752099999999998 0.06618 0.95378 0.04202 0.83479 0.00123 1.0 0.12815 0.8666 0.10714 0.90546 0.04307 1.0 0.0
1.0 0.0 0.95113 0.00419 0.95183 0.02723 0.93438 0.0192 0.9459 0.01606 0.9651 0.03281 0.94171 0.0733 0.94625 0.01326 0.97173 0.0014 0.94834 0.06038 0.9267 0.08412 0.93124 0.10087 0.9452 0.01361 0.93522 0.04925 0.93159 0.08168 0.94066 0.00035 0.91483 0.04712 1.0 0.0
1.0 0.0 0.94701 0.00034 0.93207 0.03227 0.95177 0.03431 0.95584 0.02446 0.94124 0.01766 0.92595 0.04688 0.93954 0.01461 0.94837 0.02004 0.93784 0.01393 0.91406 0.07677 0.8947 0.06148 0.93988 0.03193 0.92489 0.02542 0.9212 0.02242 0.92459 0.00442 0.92697 0.00577 1.0 0.0
1.0 0.0 0.9060800000000001 0.01657 0.98122 0.01989 0.95691 0.03646 0.85746 0.0011 0.89724 0.03315 0.89061 0.01436 0.9060800000000001 0.0453 0.91381 0.00884 0.8077299999999998 0.12928 0.88729 0.01215 0.92155 0.0232 0.9105 0.02099 0.89147 0.0776 0.8298299999999998 0.17238 0.96022 0.03757 0.8740299999999999 0.16243 1.0 0.0
1.0 0.0 0.8470999999999999 0.13533 0.73638 0.06151 0.87873 0.0826 0.8892799999999998 0.09139000000000001 0.78735 0.06678 0.8066799999999998 0.00351 0.79262 0.01054 0.8576399999999998 0.04569 0.8717 0.03515 0.8172199999999998 0.0949 0.71002 0.04394 0.86467 0.15114 0.81147 0.04822 0.78207 0.00703 0.7574699999999999 0.06678 0.8576399999999998 0.06151 1.0 0.0
1.0 0.0 1.0 0.45161 1.0 1.0 0.71216 1.0 0.0 0.0 0.0 0.0 0.0 0.0 1.0 0.14516 0.54094 0.3933 1.0 0.54467 0.69975 1.0 0.0 0.0 1.0 0.90695 0.51613 1.0 1.0 0.20099 0.25682 1.0 0.32382 1.0 0.0 1.0
1.0 0.0 1.0 0.02401 0.9414 0.06531 0.92106 0.23255 0.77152 0.16399 0.52798 0.20275 0.56409 0.00712 0.34395 0.27457 0.5294 0.2178 0.45107 0.17813 0.05982 0.35575 0.02309 0.52879 0.03286 0.65158 0.1329 0.53206 0.02431 0.62197 0.05707 0.59573 0.04608 0.65697 1.0 0.0
1.0 0.0 0.02337 0.00592 0.09924 0.11949 0.007629999999999999 0.11824 0.14706 0.06637 0.03786 0.06302 0.0 0.0 0.04572 0.1554 0.00343 0.10196 0.11575 0.05414 0.01838 0.03669 0.01519 0.00888 0.03513 0.01535 0.0324 0.09223 0.07858999999999998 0.00732 0.0 0.0 0.00039 0.12011 0.0 1.0
1.0 0.0 0.97588 0.10602 0.94601 0.208 0.9280600000000001 0.2835 0.8599599999999998 0.27342 0.79766 0.47929 0.78225 0.50764 0.74628 0.61436 0.57945 0.68086 0.37852 0.73641 0.36324 0.7656199999999999 0.31898 0.7975299999999999 0.22792 0.8163399999999998 0.13659 0.8250999999999998 0.04606 0.8239499999999998 0.04262 0.81318 0.13832 0.8097499999999999 1.0 0.0
0.0 0.0 0.0 0.0 0.0 0.0 1.0 1.0 0.0 0.0 1.0 1.0 0.0 0.0 0.0 0.0 1.0 1.0 1.0 1.0 0.0 0.0 0.0 0.0 1.0 1.0 1.0 1.0 0.0 0.0 1.0 1.0 0.0 0.0 0.0 1.0
1.0 0.0 0.96355 0.07198 1.0 0.14333 1.0 0.21313 1.0 0.36174 0.9257 0.43569 0.9451 0.40668 0.90392 0.46381 0.98305 0.35257 0.8453699999999998 0.6602 0.75346 0.60589 0.69637 0.64225 0.85106 0.6544 0.57577 0.69712 0.25435 0.63919 0.45114 0.72779 0.38895 0.7341999999999999 1.0 0.0
1.0 0.0 0.01864 0.08459 0.0 0.0 0.0 0.0 0.1147 0.2681 0.45663 0.38172 0.0 0.0 0.33656 0.38602 0.37133 0.15018 0.63728 0.22115 0.0 0.0 0.0 0.0 0.14803 0.01326 0.20645 0.02294 0.0 0.0 0.16595 0.24086 0.08208 0.38065 0.0 1.0
1.0 0.0 1.0 0.06655 1.0 0.18388 1.0 0.2732 1.0 0.43107 1.0 0.41349 0.96232 0.51874 0.90711 0.59017 0.8923 0.66474 0.69876 0.70997 0.70645 0.7632 0.63081 0.80544 0.55867 0.8912799999999999 0.47211 0.865 0.40303 0.83675 0.30996 0.89093 0.22995 0.89158 1.0 0.0
1.0 0.0 1.0 0.5421 1.0 1.0 1.0 1.0 1.0 0.36217 1.0 0.41119 1.0 1.0 1.0 1.0 1.0 0.29354 1.0 0.93599 1.0 1.0 1.0 1.0 1.0 0.40888 1.0 0.62745 1.0 1.0 1.0 1.0 1.0 1.0 0.0 1.0
1.0 0.0 1.0 0.16316 1.0 0.10169 0.99999 0.15197 1.0 0.19277 0.9405500000000001 0.35151 0.95735 0.29785 0.93719 0.34412 0.94486 0.28106 0.90137 0.43383 0.86043 0.47308 0.82987 0.5122 0.8408 0.47137 0.76224 0.5837 0.65723 0.68794 0.68714 0.64537 0.64727 0.67226 1.0 0.0
1.0 0.0 1.0 0.8670099999999998 1.0 0.2228 0.85492 0.39896 1.0 0.1209 1.0 0.35147 1.0 0.07771999999999998 1.0 0.14767 1.0 1.0 1.0 1.0 0.61831 0.15803 1.0 0.62349 1.0 0.17012 1.0 0.35924 1.0 0.66494 1.0 0.8842799999999998 1.0 0.18826 0.0 1.0
1.0 0.0 1.0 0.0738 1.0 0.0342 1.0 0.05563 1.0 0.08763999999999998 1.0 0.19651 1.0 0.20328 1.0 0.12785 1.0 0.10561 1.0 0.27087 1.0 0.44758 1.0 0.4175 1.0 0.20033 1.0 0.36743 0.95603 0.48641 1.0 0.32492 1.0 0.46712 1.0 0.0
1.0 0.0 0.50932 0.93996 1.0 0.26708 0.0352 1.0 1.0 1.0 0.43685 1.0 0.0 0.0 1.0 0.34265 0.37681 0.03623 1.0 1.0 0.0 0.0 0.0 0.0 0.16253 0.92236 0.39752 0.26501 0.0 0.0 1.0 0.23188 0.0 0.0 0.0 1.0
1.0 0.0 0.99645 0.06468 1.0 0.01236 0.97811 0.02498 0.96112 0.02312 0.99274 0.07807999999999998 0.8932299999999999 0.10346 0.94212 0.05269 0.88809 0.1112 0.86104 0.08630999999999998 0.81633 0.1183 0.8366799999999999 0.14442 0.8132899999999998 0.13412 0.79476 0.13638 0.7911 0.15379 0.77122 0.1593 0.70941 0.12015 1.0 0.0
0.0 0.0 0.0 0.0 1.0 1.0 1.0 1.0 1.0 1.0 1.0 1.0 1.0 1.0 1.0 1.0 1.0 1.0 1.0 1.0 1.0 1.0 1.0 1.0 1.0 1.0 1.0 1.0 1.0 1.0 1.0 1.0 1.0 1.0 0.0 1.0
1.0 0.0 0.67065 0.02528 0.66626 0.05031 0.57197 0.18761 0.08776 0.34081 0.63621 0.12131 0.62099 0.14285 0.78637 0.10976 0.58373 0.18151 0.14395 0.41224 0.53888 0.21326 0.5142 0.22625 0.48838 0.23724 0.46167 0.24618 0.43433 0.25306 0.40663 0.25792 1.0 0.33036 1.0 0.0
0.0 0.0 1.0 1.0 0.0 0.0 0.0 0.0 1.0 1.0 1.0 1.0 0.71875 1.0 0.0 0.0 1.0 1.0 1.0 1.0 1.0 1.0 1.0 0.5625 1.0 1.0 1.0 1.0 1.0 1.0 1.0 1.0 1.0 1.0 0.0 1.0
1.0 0.0 1.0 0.00612 1.0 0.09834 1.0 0.07649 1.0 0.10605 1.0 0.11073 1.0 0.39489 1.0 0.15616 0.92124 0.31884 0.86473 0.34534 0.91693 0.44072 0.9606 0.46866 0.81874 0.40372 0.82681 0.42231 0.7578399999999998 0.38231 0.8044799999999999 0.40575 0.7435399999999999 0.45039 1.0 0.0
0.0 0.0 1.0 1.0 0.0 0.0 0.0 0.0 1.0 1.0 0.0 0.0 0.0 0.0 1.0 1.0 1.0 1.0 1.0 1.0 1.0 1.0 0.0 0.0 0.0 0.0 1.0 1.0 1.0 1.0 1.0 1.0 1.0 1.0 0.0 1.0
1.0 0.0 0.96071 0.07088 1.0 0.04296 1.0 0.09313 0.9016900000000002 0.05144 0.89263 0.0258 0.8325 0.06142 0.87534 0.09831 0.76544 0.0028 0.7520599999999998 0.05295 0.65961 0.07904999999999998 0.64158 0.05929 0.55677 0.07704999999999998 0.58051 0.02205 0.49664 0.01251 0.5131 0.00015 0.52099 0.00182 1.0 0.0
0.0 0.0 1.0 1.0 0.0 0.0 0.0 0.0 1.0 1.0 1.0 1.0 0.0 0.0 0.0 0.0 1.0 1.0 1.0 1.0 1.0 1.0 0.0 0.0 1.0 1.0 1.0 1.0 1.0 1.0 1.0 1.0 0.0 0.0 0.0 1.0
1.0 0.0 1.0 0.06182 1.0 0.02942 1.0 0.05131 1.0 0.01707 1.0 0.11726 0.8449299999999998 0.05202 0.93392 0.06598 0.6917 0.07378999999999998 0.65731 0.20367 0.9491 0.31558 0.80852 0.31654 0.8493199999999999 0.34838 0.72529 0.29174 0.73094 0.38576 0.54356 0.26284 0.64207 0.39487 1.0 0.0
1.0 0.0 1.0 0.5782 1.0 1.0 1.0 1.0 1.0 1.0 1.0 1.0 1.0 1.0 1.0 1.0 1.0 1.0 1.0 1.0 1.0 0.62796 1.0 1.0 1.0 1.0 1.0 1.0 1.0 1.0 1.0 1.0 1.0 1.0 0.0 1.0
1.0 0.0 1.0 0.08713999999999998 1.0 0.17263 0.8663499999999998 0.81779 0.94817 0.61053 0.95473 0.41382 0.8848599999999999 0.31736 0.87937 0.23433 0.8105099999999998 0.6218 0.12245 1.0 0.90284 0.11053 0.62357 0.78547 0.55389 0.8286799999999999 0.48136 0.86583 0.4065 0.89674 0.32984 0.92128 0.13341 1.0 1.0 0.0
0.0 0.0 1.0 1.0 0.0 0.0 1.0 1.0 1.0 0.375 0.0 0.0 0.0 0.0 0.0 0.0 1.0 1.0 1.0 1.0 1.0 1.0 0.0 0.0 1.0 1.0 1.0 1.0 1.0 1.0 0.0 0.0 1.0 1.0 0.0 1.0
1.0 0.0 1.0 0.0838 1.0 0.17387 1.0 0.13308 0.98172 0.6452 1.0 0.47904 1.0 0.59113 1.0 0.70758 1.0 0.82777 1.0 0.95099 1.0 1.0 0.98042 1.0 0.91624 1.0 0.83899 1.0 0.74822 1.0 0.64358 1.0 0.52479 1.0 1.0 0.0
0.0 0.0 1.0 1.0 1.0 1.0 1.0 1.0 1.0 1.0 1.0 1.0 1.0 1.0 0.0 0.0 1.0 1.0 1.0 1.0 1.0 1.0 1.0 1.0 1.0 1.0 1.0 1.0 1.0 1.0 1.0 1.0 1.0 1.0 0.0 1.0
1.0 0.0 1.0 0.14236 1.0 0.16256 1.0 0.23656 1.0 0.07514 1.0 0.2501 1.0 0.26161 1.0 0.21975 1.0 0.38606 1.0 0.46162 1.0 0.35519 1.0 0.59661 1.0 0.47643 0.9882 0.49687 1.0 0.7582 1.0 0.75761 1.0 0.8443699999999998 1.0 0.0
1.0 0.0 1.0 1.0 1.0 1.0 1.0 1.0 1.0 1.0 1.0 1.0 1.0 0.0184 1.0 1.0 1.0 1.0 1.0 0.8558299999999999 1.0 1.0 1.0 1.0 0.0 0.0 1.0 1.0 1.0 0.7914099999999998 1.0 1.0 1.0 1.0 0.0 1.0
1.0 0.0 0.8820799999999999 0.14639 0.93408 0.11057 0.921 0.1645 0.88307 0.17036 0.8846199999999999 0.31809 0.8526899999999998 0.31463 0.82116 0.35924 0.80681 0.33632 0.75243 0.47022 0.70555 0.47153 0.6615 0.50085 0.61297 0.48086 0.56804 0.54629 0.50179 0.59854 0.47075 0.57377 0.42189 0.58086 1.0 0.0
1.0 0.0 0.71253 0.02595 0.41287 0.23067 0.98019 0.09473 0.99709 0.10236 1.0 0.10951 0.58965 1.0 0.83726 1.0 0.8227 0.17863 0.8076 0.28257 0.25914 0.9273 0.51933 0.05456 0.65493 0.20392 0.93124 0.41307 0.63811 0.21901 0.86136 0.87354 0.23186 1.0 0.0 1.0
1.0 0.0 1.0 0.15899 0.72314 0.27686 0.83443 0.58388 1.0 0.28207 1.0 0.49863 0.79962 0.12527 0.76837 0.14638 1.0 0.39337 1.0 0.2659 0.96354 0.01891 0.92599 0.91338 1.0 0.14803 1.0 0.11582 1.0 0.11129 1.0 0.53372 1.0 0.57758 1.0 0.0
1.0 0.0 0.66161 1.0 1.0 1.0 1.0 0.67321 0.80893 0.40446 1.0 1.0 1.0 0.89375 1.0 0.7339299999999999 0.17589 0.70982 1.0 0.78036 1.0 0.85268 1.0 1.0 1.0 0.85357 1.0 0.08570999999999998 0.95982 0.3625 1.0 0.65268 1.0 0.34732 0.0 1.0
1.0 0.0 1.0 0.00433 1.0 0.01209 1.0 0.0296 1.0 0.07014 0.97839 0.06256 1.0 0.06544 0.97261 0.07917 0.92561 0.13665 0.94184 0.14327 0.99589 0.14248 0.94815 0.13565 0.89469 0.20851 0.8906699999999999 0.17909 0.8564399999999999 0.18552 0.83777 0.20101 0.83867 0.20766 1.0 0.0
0.0 0.0 1.0 1.0 1.0 1.0 0.0 0.0 0.0 0.0 1.0 1.0 0.0 0.0 0.0 0.0 1.0 1.0 1.0 1.0 1.0 1.0 1.0 1.0 1.0 1.0 1.0 1.0 1.0 1.0 1.0 1.0 0.0 0.0 0.0 1.0
1.0 0.0 0.91241 0.04347 0.94191 0.0228 0.94705 0.05345 0.93582 0.01321 0.91911 0.06348 0.92766 0.12067 0.92048 0.06211 0.8889899999999998 0.12722 0.8374399999999999 0.14439 0.80983 0.11849 0.77041 0.14222 0.7575499999999998 0.11299 0.7355 0.13282 0.66387 0.153 0.70925 0.10754 0.65258 0.11447 1.0 0.0
1.0 0.0 1.0 0.02461 0.99672 0.04861 0.97545 0.07143 0.61745 1.0 0.91036 0.11147 0.8846199999999999 0.5364 0.82077 0.14137 0.76929 0.15189 1.0 0.41003 0.6585 0.16371 0.60138 0.16516 0.54446 0.1639 0.48867 0.16019 0.43481 0.15436 0.38352 0.14677 1.0 1.0 0.0 1.0
1.0 0.0 1.0 0.06538 1.0 0.20746 1.0 0.26281 0.93051 0.32213 0.86773 0.39039 0.7547399999999999 0.50082 0.7955499999999999 0.52321 0.65954 0.60756 0.57619 0.62999 0.47807 0.67135 0.40553 0.6884 0.34384 0.72082 0.27712 0.7238599999999998 0.19296 0.70682 0.11372 0.7268799999999999 0.0699 0.71444 1.0 0.0
1.0 0.0 1.0 1.0 1.0 1.0 1.0 0.14375 0.0 0.0 1.0 1.0 1.0 1.0 0.17917 1.0 1.0 1.0 0.08749999999999998 1.0 1.0 1.0 1.0 1.0 1.0 1.0 1.0 1.0 1.0 1.0 1.0 1.0 0.0 0.0 0.0 1.0
1.0 0.0 0.90932 0.08791 0.86528 0.16888 1.0 0.16598 0.55187 0.68154 0.70207 0.36719 0.16286 0.42739 0.5762 0.46086 0.51067 0.49618 0.31639 0.12967 0.37824 0.54462 0.31274 0.55826 0.24856 0.56527 0.18626 0.56605 0.12635 0.56101 0.06927 0.55061 0.12137 0.67739 1.0 0.0
1.0 0.0 0.64286 1.0 1.0 0.82857 1.0 1.0 1.0 0.23393 1.0 0.96161 1.0 0.37679 1.0 1.0 1.0 0.13839 1.0 1.0 1.0 0.03393 0.84286 1.0 0.5375 0.85714 1.0 1.0 1.0 1.0 1.0 1.0 1.0 1.0 0.0 1.0
1.0 0.0 0.99025 0.05785 0.99793 0.13009 0.98663 0.1943 0.99374 0.25843 0.92738 0.3013 0.92651 0.37965 0.89812 0.43796 0.8492199999999999 0.52064 0.87433 0.57075 0.7901599999999999 0.59839 0.7472499999999999 0.64615 0.68282 0.68479 0.65247 0.7317399999999998 0.6101 0.75353 0.54752 0.80278 0.49195 0.83245 1.0 0.0
0.0 0.0 0.0 0.0 0.0 0.0 0.0 0.0 1.0 1.0 1.0 1.0 0.0 0.0 0.0 0.0 0.375 1.0 1.0 1.0 0.0 0.0 0.0 0.0 1.0 1.0 1.0 1.0 1.0 1.0 1.0 0.0 0.0 0.0 0.0 1.0
1.0 0.0 1.0 0.0373 1.0 0.07383 0.99601 0.11039 0.99838 0.09931 0.98941 0.13814 0.96674 0.21695 0.95288 0.25099 0.91236 0.344 0.90581 0.32152 0.89991 0.34691 0.8787399999999999 0.37643 0.8621299999999998 0.4299 0.83172 0.43122 0.81433 0.42593 0.77919 0.47977 0.75115 0.50152 1.0 0.0
1.0 0.0 0.94598 0.02685 1.0 0.26131 0.36393 0.35639 0.69258 0.63427 1.0 0.03353 0.2902 0.0055 0.54852 0.15452 0.91921 0.4627 1.0 0.50424 0.29735 0.31454 0.7386399999999999 0.37361 0.83872 0.46734 0.52208 0.5813 1.0 0.61393 0.09634 0.20477 0.06117 0.41913 0.0 1.0
1.0 0.0 0.98166 0.008739999999999998 0.98103 0.03818 0.97565 0.05699 0.95947 0.06971 0.99004 0.04507 0.94713 0.11102 0.93369 0.1279 0.94217 0.11583 0.7968199999999999 0.192 0.8827399999999999 0.17387 0.8625699999999998 0.18739 0.88487 0.19689 0.81813 0.21136 0.78546 0.23864 0.7691099999999998 0.23095 0.7432299999999998 0.23902 1.0 0.0
1.0 0.0 0.0 0.0 1.0 0.51724 0.0 0.0 0.10991 1.0 0.0 0.0 0.0 0.0 1.0 0.22414 0.55711 0.83297 0.7693999999999999 0.63147 0.0 0.0 0.53448 0.35668 0.90302 0.44828 1.0 1.0 1.0 0.8157299999999998 0.0 0.0 0.0 0.0 0.0 1.0
1.0 0.0 0.8413399999999999 0.18362 0.43644 0.02919 0.93421 0.00267 0.8794699999999999 0.13795 0.81121 0.01789 0.88559 0.54991 0.91714 0.57486 0.75 0.2952 0.8667599999999999 0.20104 1.0 1.0 0.4661 0.1629 0.90066 0.02778 0.93358 0.01158 0.61582 0.32298 0.84463 0.25706 0.93323 0.01425 1.0 0.0
0.0 0.0 1.0 1.0 1.0 1.0 0.0 0.0 0.0 0.0 1.0 1.0 1.0 1.0 1.0 1.0 1.0 1.0 1.0 1.0 0.0 0.0 1.0 1.0 1.0 1.0 1.0 1.0 1.0 1.0 0.0 0.0 0.0 0.0 0.0 1.0
1.0 0.0 1.0 1.0 1.0 1.0 0.9101 1.0 0.2697 1.0 0.83152 1.0 1.0 1.0 1.0 0.72526 1.0 0.57779 1.0 0.42052 1.0 1.0 0.52838 1.0 0.90014 1.0 1.0 1.0 1.0 1.0 1.0 0.34686 1.0 0.34845 1.0 0.0
1.0 0.0 0.67935 1.0 1.0 1.0 1.0 0.63317 0.03515 1.0 1.0 1.0 1.0 1.0 0.88683 1.0 1.0 1.0 0.8384 1.0 1.0 1.0 1.0 1.0 0.18856 1.0 1.0 1.0 1.0 1.0 1.0 1.0 1.0 0.33611 0.0 1.0
1.0 0.0 0.95659 0.08143 0.97487 0.05667 0.97165 0.08484 0.9609700000000002 0.06561 0.94717 0.01279 0.95436 0.16795 0.94612 0.19497 0.9963 0.32268 0.90343 0.35902 0.91428 0.27316 0.9014 0.29807 0.99899 0.40747 0.87244 0.34586 0.92059 0.30619 0.8395099999999999 0.39061 0.8216599999999998 0.41173 1.0 0.0
1.0 0.0 0.08333 0.20685 1.0 1.0 1.0 1.0 0.71875 0.47173 0.82143 0.62723 1.0 1.0 1.0 1.0 0.02753 0.59152 0.42113 0.42113 0.74628 1.0 1.0 0.46801 1.0 0.2381 1.0 1.0 1.0 0.38914 1.0 1.0 1.0 0.61458 0.0 1.0
1.0 0.0 1.0 0.02259 1.0 0.04494 1.0 0.06682 1.0 0.08799 1.0 0.56173 1.0 0.12738 1.0 0.14522 1.0 0.32407 1.0 0.17639 0.99484 0.18949 0.95601 0.20081 1.0 0.9228400000000001 0.8728 0.21793 0.8292 0.2237 0.78479 0.22765 0.73992 0.22981 1.0 0.0
0.0 0.0 1.0 1.0 1.0 1.0 1.0 1.0 0.0 0.0 1.0 1.0 1.0 0.1875 1.0 1.0 1.0 1.0 1.0 1.0 1.0 1.0 1.0 1.0 1.0 1.0 1.0 1.0 1.0 1.0 0.0 0.0 1.0 1.0 0.0 1.0
1.0 0.0 1.0 0.05812 0.94525 0.07417999999999998 0.99952 0.13231 1.0 0.01911 0.94846 0.07033 0.95713 0.14644 0.94862 0.11224 0.9089600000000002 0.20119 0.9674100000000002 0.16265 0.99695 0.14258 0.90784 0.1641 0.91667 0.22431 0.8842299999999998 0.23571 0.88568 0.22511 0.78324 0.29576 0.83574 0.31166 1.0 0.0
1.0 0.0 0.17188 1.0 1.0 1.0 0.0 0.0 0.0 0.0 1.0 1.0 0.0 0.0 0.61354 0.67708 0.80521 0.36146 0.51979 0.14375 0.0 0.0 1.0 0.27083 0.84792 0.9625 1.0 1.0 1.0 0.67708 0.0 0.0 0.0 0.0 0.0 1.0
1.0 0.0 1.0 0.09771 1.0 0.12197 1.0 0.22574 0.98602 0.09237 0.9493 0.19211 0.92992 0.24288 0.89241 0.28343 0.85529 0.26721 0.8365599999999999 0.33129 0.8339299999999998 0.31698 0.74829 0.39597 0.76193 0.34658 0.68452 0.42746 0.62764 0.46031 0.56791 0.47033 0.54252 0.50903 1.0 0.0
1.0 0.0 0.01667 0.35625 0.0 0.0 0.0 0.0 0.0 0.0 0.0 0.0 0.0 0.0 0.12292 0.55 0.22813 0.82813 1.0 0.42292 0.0 0.0 0.08333 1.0 0.10625 0.16667 1.0 0.7666699999999999 1.0 0.18854 0.0 0.0 1.0 0.27292 0.0 1.0
1.0 0.0 1.0 0.16801 0.99352 0.16334 0.94616 0.33347 0.91759 0.2261 0.91408 0.37107 0.8425 0.46899 0.81011 0.49225 0.78473 0.48311 0.65091 0.56977 0.56553 0.58071 0.55586 0.6472 0.48311 0.55236 0.43317 0.69129 0.35684 0.76147 0.33921 0.66844 0.22101 0.78685 1.0 0.0
1.0 0.0 0.63816 1.0 0.20833 1.0 1.0 1.0 0.87719 0.30921 0.66886 1.0 0.05921 0.58772 0.01754 0.05044 0.51535 1.0 0.14254 0.03289 0.32675 0.4386 1.0 1.0 0.80921 1.0 1.0 0.0614 1.0 1.0 0.20614 1.0 1.0 1.0 0.0 1.0
1.0 0.0 1.0 0.41457 1.0 0.76131 0.8706 0.18593 1.0 0.09925 0.93844 0.4799 0.65452 0.1608 1.0 0.00879 0.97613 0.50126 0.80025 0.24497 0.88065 0.19095 1.0 0.12312 0.93593 0.10678 0.9289 0.07249 1.0 0.27387 0.4397 0.19849 0.51382 0.05402 1.0 0.0
1.0 0.0 0.8478299999999999 0.10598 1.0 0.3913 1.0 1.0 0.66938 0.08423999999999998 1.0 0.27038 1.0 0.60598 1.0 0.35507 1.0 0.02672 0.58424 0.43025 1.0 0.63496 0.8913 0.26585 0.91033 0.33333 1.0 0.15942 0.37681 0.01947 1.0 0.22464 1.0 0.37409 0.0 1.0
1.0 0.0 1.0 0.28046 1.0 0.02477 1.0 0.07764 1.0 0.04317 0.98762 0.33266 1.0 0.05489 1.0 0.04384 0.9575 0.24598 0.8437099999999998 0.08667999999999998 1.0 0.0415 0.99933 0.27376 1.0 0.39056 0.9641400000000001 0.02174 0.8674699999999999 0.2336 0.94578 0.22021 0.80355 0.07328999999999998 1.0 0.0
0.0 0.0 1.0 1.0 1.0 1.0 1.0 1.0 1.0 1.0 1.0 1.0 1.0 1.0 1.0 1.0 1.0 1.0 1.0 1.0 1.0 1.0 1.0 1.0 1.0 1.0 1.0 1.0 1.0 0.65625 0.0 0.0 1.0 1.0 0.0 1.0
1.0 0.0 1.0 0.67784 0.8130899999999999 0.82021 0.43019 1.0 0.20619 0.8054099999999998 0.43872 1.0 0.79135 0.77092 1.0 0.40268 0.39046 0.58634 0.9790700000000001 0.42822 0.7308299999999999 0.76339 0.37671 0.97491 0.41366 1.0 0.41778 0.93296 0.25773 1.0 0.9357 0.35222 0.98816 0.03446 1.0 0.0
1.0 0.0 1.0 1.0 1.0 1.0 1.0 1.0 1.0 1.0 1.0 1.0 1.0 1.0 1.0 1.0 1.0 1.0 1.0 1.0 1.0 1.0 1.0 1.0 1.0 1.0 1.0 0.5 0.0 0.0 1.0 1.0 1.0 1.0 0.0 1.0
1.0 0.0 1.0 0.03529 1.0 0.18281 1.0 0.26968 1.0 0.25068 1.0 0.28778 1.0 0.38643 1.0 0.31674 1.0 0.65701 1.0 0.53846 1.0 0.61267 1.0 0.59457 0.89593 0.68326 0.89502 0.71374 0.85611 0.67149 0.74389 0.85611 0.71493 0.75837 1.0 0.0
0.0 0.0 1.0 1.0 1.0 1.0 1.0 1.0 1.0 1.0 0.0 0.0 0.0 0.0 1.0 1.0 1.0 1.0 1.0 1.0 0.75 1.0 1.0 1.0 1.0 1.0 1.0 1.0 1.0 1.0 0.0 0.0 1.0 1.0 0.0 1.0
1.0 0.0 0.96087 0.0862 0.9676 0.19279 0.96026 0.27451 0.98044 0.35052 0.9286700000000001 0.46281 0.86265 0.52517 0.8282 0.58794 0.7324199999999998 0.69065 0.69003 0.7314 0.54473 0.6882 0.48339 0.76197 0.40615 0.74689 0.33401 0.83796 0.24944 0.86061 0.13756 0.8683499999999998 0.09048 0.86285 1.0 0.0
1.0 0.0 0.69444 0.38889 0.0 0.0 0.32937 0.69841 0.0 0.0 0.0 0.0 0.0 0.0 0.20635 0.24206 0.21032 0.19444 0.46429 0.7817499999999998 0.0 0.0 0.0 0.0 0.7341299999999998 0.27381 0.7619 0.63492 0.0 0.0 0.0 0.0 0.0 0.0 0.0 1.0
1.0 0.0 1.0 0.0507 1.0 0.10827 1.0 0.19498 1.0 0.28453 1.0 0.34826 1.0 0.38261 0.94575 0.42881 0.89126 0.50391 0.7590599999999998 0.58801 0.80644 0.59962 0.79578 0.62758 0.66643 0.63942 0.59417 0.69435 0.49538 0.72684 0.47027 0.71689 0.33381 0.75243 1.0 0.0
0.0 0.0 1.0 1.0 0.0 0.0 1.0 1.0 1.0 1.0 1.0 1.0 1.0 1.0 1.0 1.0 1.0 1.0 1.0 1.0 1.0 1.0 1.0 1.0 1.0 1.0 1.0 1.0 1.0 1.0 0.0 0.0 1.0 1.0 0.0 1.0
1.0 0.0 1.0 0.04078 1.0 0.11982 1.0 0.16159 1.0 0.27921 0.98703 0.30889 0.9274500000000001 0.37639 0.91118 0.39749 0.8193899999999998 0.46059 0.78619 0.46994 0.794 0.56282 0.70331 0.58129 0.67077 0.59723 0.58903 0.6099 0.53952 0.60932 0.45312 0.63636 0.40442 0.62658 1.0 0.0
0.0 0.0 1.0 1.0 1.0 1.0 1.0 1.0 1.0 1.0 1.0 1.0 1.0 1.0 1.0 1.0 1.0 1.0 1.0 1.0 1.0 1.0 1.0 1.0 1.0 1.0 1.0 1.0 1.0 1.0 1.0 1.0 1.0 1.0 0.0 1.0
1.0 0.0 1.0 0.24168 1.0 0.4859 1.0 0.72973 1.0 1.0 1.0 1.0 1.0 1.0 1.0 0.7712799999999999 1.0 1.0 1.0 1.0 0.74468 1.0 0.89647 1.0 0.64628 1.0 0.38255 1.0 0.10819 1.0 0.1737 1.0 0.81383 1.0 1.0 0.0
0.0 0.0 1.0 1.0 1.0 1.0 1.0 1.0 1.0 1.0 0.0 0.0 1.0 1.0 0.0 0.0 0.0 0.0 1.0 1.0 1.0 1.0 1.0 1.0 1.0 1.0 1.0 1.0 1.0 1.0 1.0 1.0 1.0 1.0 0.0 1.0
1.0 0.0 1.0 0.06604 1.0 0.62937 1.0 0.09557 1.0 0.2028 1.0 1.0 1.0 0.40559 1.0 0.15851 1.0 0.04895 1.0 0.61538 1.0 0.26573 1.0 1.0 1.0 0.58042 1.0 0.81372 1.0 1.0 1.0 0.7855499999999999 1.0 0.48252 1.0 0.0
0.0 0.0 1.0 1.0 1.0 1.0 1.0 1.0 1.0 1.0 1.0 1.0 1.0 1.0 1.0 1.0 1.0 1.0 1.0 1.0 1.0 1.0 1.0 1.0 1.0 1.0 1.0 1.0 1.0 1.0 1.0 1.0 1.0 1.0 0.0 1.0
1.0 0.0 0.92277 0.07804 0.92679 0.16251 0.89702 0.24618 0.84111 0.35197 0.78801 0.42196 0.70716 0.46983 0.70796 0.56476 0.60459 0.642 0.51247 0.64924 0.39903 0.66975 0.34232 0.68343 0.23693 0.76146 0.18765 0.73885 0.09694 0.71038 0.02735 0.7707199999999998 0.04023 0.69509 1.0 0.0
1.0 0.0 0.68198 0.17314 0.82332 0.21908 0.46643 0.32862 0.25795 0.58304 1.0 0.15194 0.0106 0.44523 0.0106 0.38869 0.18681 0.41168 0.10567 0.36353 0.04325 0.30745 0.00083 0.24936 0.02862 0.19405 0.04314 0.14481 0.04779 0.10349 0.04585 0.07064 0.04013 0.04586 0.0 1.0
1.0 0.0 0.7485199999999999 0.02811 0.6568 0.05178 0.80621 0.02811 0.8594699999999998 0.02515 0.63462 0.08727999999999998 0.71598 0.07839999999999998 0.73077 0.05178 0.7854999999999999 0.27811 0.65976 0.01479 0.78698 0.06953 0.34615 0.18639 0.65385 0.02811 0.61009 0.06637 0.5355 0.21154 0.59024 0.14053 0.56361 0.02959 1.0 0.0
1.0 0.0 0.39179 0.06343 0.97464 0.04328 1.0 1.0 0.35821 0.15299 0.54478 0.1306 0.61567 0.8208999999999999 0.57836 0.6791 0.66791 0.10448 0.46642 0.11567 0.65574 0.14792 0.83209 0.45522 0.47015 0.16418 0.49309 0.1463 0.32463 0.02612 0.39118 0.13521 0.34411 0.12755 0.0 1.0
1.0 0.0 0.67547 0.04528 0.76981 0.10566 0.77358 0.03774 0.66038 0.04528 0.64528 0.01132 0.66792 0.13962 0.72075 0.02264 0.76981 0.08679 0.61887 0.07925 0.75849 0.23774 0.73962 0.14717 0.84906 0.15094 0.7388599999999999 0.05801 0.66792 0.02264 0.8641499999999999 0.03774 0.7320799999999998 0.00755 1.0 0.0
1.0 0.0 0.7272699999999999 0.05 0.89241 0.03462 1.0 0.7272699999999999 0.66364 0.05909 0.48182 0.16818 0.81809 0.09559 0.56818 1.0 0.50455 0.21818 0.66818 0.1 1.0 0.3 0.98636 1.0 0.57273 0.32727 0.56982 0.14673 0.42273 0.08182 0.48927 0.14643 1.0 1.0 0.0 1.0
1.0 0.0 0.57647 0.01569 0.40392 0.0 0.38431 0.12941 0.4 0.05882 0.56471 0.14118 0.46667 0.08235 0.52549 0.0549 0.58039 0.01569 0.50196 0.0 0.45882 0.06667 0.58039 0.08235 0.49804 0.00392 0.48601 0.10039 0.46275 0.08235 0.45098 0.23529 0.43137 0.17255 1.0 0.0
1.0 0.0 0.41932 0.12482 0.35 0.125 0.23182 0.27955 0.03636 0.44318 0.04517 0.36194 0.19091 0.33636 0.1335 0.27322 0.02727 0.40455 0.34773 0.12727 0.20028 0.05078 0.18636 0.36364 0.14003 0.04802 0.09971 0.07114 1.0 1.0 0.02916 0.07464 0.00526 0.06314 0.0 1.0
1.0 0.0 0.88305 0.21996 1.0 0.36373 0.82403 0.19206 0.8508599999999998 0.05901 0.90558 0.04292 0.8519299999999999 0.25 0.77897 0.25322 0.69206 0.5794 0.7103 0.39056 0.7317599999999999 0.27575 1.0 0.34871 0.5676 0.52039 0.69811 0.53235 0.80901 0.58584 0.43026 0.70923 0.52361 0.54185 1.0 0.0
1.0 0.0 0.84557 0.0858 0.31745 0.8055299999999999 0.08960999999999998 0.56435 0.8064799999999999 0.04576 0.89514 0.007629999999999999 0.18494 0.63966 0.20019 0.68065 0.85701 0.11344 0.77979 0.15729 0.06959 0.5081 0.34128 0.8093399999999998 0.78932 0.03718 0.70882 0.25288 0.7788399999999999 0.14109 0.21354 0.7816999999999998 0.18494 0.59867 0.0 1.0
1.0 0.0 0.7087 0.24783 0.64348 0.04348 0.45217 0.38261 0.65217 0.18261 0.5 0.26957 0.57826 0.23043 0.50435 0.37826 0.38696 0.42609 0.36087 0.26087 0.26957 0.11739 0.53246 0.03845 0.31304 0.12174 0.4993 0.04264 0.48348 0.04448 0.64348 0.25217 0.50435 0.14783 1.0 0.0
1.0 0.0 0.5418 0.14861 0.33746 0.73375 0.52012 0.13932 0.31889 0.06811 0.20743 0.1517 0.47368 0.08978 0.56347 0.1548 0.16409 0.45201 0.33746 0.03406 0.50464 0.07121 0.63777 0.6161 1.0 0.65635 0.41348 0.40116 0.1517 0.11146 0.02399 0.5582 0.52632 0.08978 0.0 1.0
1.0 0.0 0.29202 0.13582 0.45331 0.16808 0.51783 0.00509 0.52632 0.20883 0.52462 0.16638 0.47368 0.04754 0.55518 0.03905 0.81664 0.22411 0.42445 0.04244 0.34975 0.06621 0.28183 0.20883 0.51731 0.03176 0.50369 0.03351 0.34635 0.09847 0.70798 0.01868 0.39559 0.03226 1.0 0.0
1.0 0.0 0.79157 0.16851 0.0 0.0 0.56541 0.06874 0.39468 1.0 0.38359 0.99557 0.02439 0.53215 0.23725 0.1286 0.02661 0.95122 0.50998 0.8492199999999999 0.102 0.38803 0.42572 0.23725 0.9157400000000001 0.8071 0.34146 0.88248 1.0 0.69401 1.0 0.1286 0.0 0.0 0.0 1.0
1.0 0.0 0.90116 0.16607 0.7929899999999999 0.37379 0.7299 0.50515 0.59784 0.72997 0.44303 0.81152 0.24412 0.87493 0.06438 0.85038 0.12611 0.8739599999999998 0.28739 0.79617 0.46635 0.65924 0.57135 0.53805 0.68159 0.39951 0.71844 0.25835 0.72369 0.11218 0.71475 0.05525 0.67699 0.19904 1.0 0.0
1.0 0.0 0.97714 0.19049 0.8268299999999998 0.46259 0.71771 0.58732 0.47968 0.8427799999999999 0.31409 0.92643 0.10289 0.93945 0.13254 0.8429 0.3202 0.91624 0.52145 0.79525 0.68274 0.49508 0.77408 0.33537 0.8537599999999999 0.17849 0.83314 0.01358 0.8236599999999998 0.19321 0.67289 0.33662 0.59943 0.497 1.0 0.0
1.0 0.0 1.0 1.0 0.0 0.0 0.50814 0.78502 0.60586 0.32899 1.0 0.41368 0.0 0.0 0.0 0.0 1.0 0.2671 0.36482 0.63518 0.97068 1.0 1.0 1.0 1.0 0.59609 1.0 1.0 1.0 1.0 1.0 1.0 0.0 0.0 0.0 1.0
1.0 0.0 0.74084 0.04974 0.79074 0.02543 0.7857499999999998 0.03793 0.6623 0.09948 0.67801 0.31152 0.75934 0.07348 0.74695 0.08441999999999998 0.70681 0.07853 0.63613 0.0 0.70021 0.11355 0.68183 0.12185 0.67016 0.15445 0.64158 0.13608 0.65707 0.17539 0.59759 0.14697 0.57455 0.15114 1.0 0.0
1.0 0.0 1.0 1.0 0.0 0.0 0.77941 0.99265 0.80882 0.55147 0.41912 0.94853 0.0 0.0 0.0 0.0 0.7205899999999998 0.7720599999999999 0.73529 0.60294 0.0 0.0 0.18382 1.0 1.0 1.0 1.0 1.0 1.0 1.0 1.0 1.0 0.0 0.0 0.0 1.0
1.0 0.0 1.0 0.01709 0.96215 0.03142 1.0 0.03436 1.0 0.05071 0.99026 0.07092 0.99173 0.09002 1.0 0.15727 1.0 0.14257 0.9831 0.11813 1.0 0.18519 1.0 0.19272 0.98971 0.22083 0.9649 0.20243 0.9459900000000001 0.17123 0.9643600000000001 0.22561 0.87011 0.23296 1.0 0.0
0.0 0.0 0.0 0.0 0.0 0.0 0.0 0.0 0.0 0.0 0.0 0.0 0.0 0.0 0.0 0.0 0.0 0.0 0.0 0.0 0.0 0.0 0.0 0.0 0.0 0.0 1.0 1.0 0.0 0.0 0.0 0.0 0.0 0.0 0.0 1.0
1.0 0.0 0.95704 0.12095 0.63318 0.1269 0.96365 0.18242 0.97026 0.08459999999999998 0.92003 0.01124 0.83543 0.24719 1.0 0.31395 0.99273 0.21216 0.9867800000000002 0.21018 1.0 0.27165 0.93126 0.39458 1.0 0.19233 0.88793 0.31565 0.81428 0.23728 0.89095 0.31857 0.69531 0.41573 1.0 0.0
1.0 0.0 0.28409 0.31818 0.0 0.0 0.68182 1.0 0.30682 0.95833 0.64394 0.06439 0.34848 0.84848 0.0 0.0 0.59091 0.35985 0.45076 0.80682 0.0 0.0 0.0 0.0 0.24242 0.17803 1.0 0.23864 0.06061 0.48485 0.16288 0.70076 0.0 0.0 0.0 1.0
1.0 0.0 0.9449 0.49311 1.0 0.03692 0.98898 0.8705199999999998 0.90083 0.66942 1.0 0.10104 1.0 0.12493 1.0 0.15017 1.0 0.17681 1.0 0.20491 1.0 0.23452 1.0 0.26571 1.0 0.29852 1.0 0.33304 1.0 0.36931 1.0 0.4074 1.0 0.44739 1.0 0.0
1.0 0.0 0.0 0.0 0.0 0.0 0.0 0.0 0.0 0.0 0.62195 1.0 0.0 0.0 0.0 0.0 0.36585 0.71951 0.56098 1.0 0.0 0.0 0.0 0.0 0.0 0.0 1.0 0.10976 0.0 0.0 0.0 0.0 0.0 0.0 0.0 1.0
1.0 0.0 0.99449 0.00526 0.84082 0.11313 0.88237 0.16431 0.9906100000000002 0.06257 0.96484 0.07496 0.85221 0.02966 0.87161 0.20848 0.93881 0.12977 0.98298 0.08935 0.89876 0.00075 0.87836 0.05882 0.93368 0.19872 0.8757899999999998 0.17806 0.94294 0.16581 0.8025299999999999 0.25741 0.76586 0.27794 1.0 0.0
1.0 0.0 0.10135 0.10811 0.0 0.0 0.0 0.0 0.5473 0.82432 0.31081 1.0 0.0 0.0 0.0 0.0 0.37162 1.0 0.33108 1.0 0.0 0.0 0.0 0.0 0.42568 1.0 1.0 1.0 0.55405 0.23649 0.0 0.0 0.0 0.0 0.0 1.0
1.0 0.0 1.0 0.57224 0.9915 0.7337099999999999 0.8951799999999999 0.9745 1.0 0.35818 1.0 0.23229 0.6289 0.86402 1.0 0.57535 1.0 0.79603 0.76771 0.8895199999999999 0.96601 1.0 0.7012 0.7489599999999998 0.61946 0.7690399999999998 0.53777 0.77986 0.8102 1.0 1.0 1.0 0.30445 0.76112 1.0 0.0
1.0 0.0 0.65909 0.62879 0.0 0.0 0.0 0.0 0.77273 1.0 1.0 0.2803 0.0 0.0 0.0 0.0 0.62121 0.22727 0.84091 1.0 1.0 1.0 0.0 0.0 0.0 0.0 1.0 0.93939 0.12879 0.93182 0.0 0.0 0.0 0.0 0.0 1.0
1.0 0.0 0.86284 0.1931 0.8092 0.41149 0.67203 0.55785 0.54559 0.69962 0.36705 0.81533 0.19617 0.8567099999999999 0.04061 0.86284 0.17241 0.75785 0.341 0.65747 0.48199 0.56092 0.6023 0.40996 0.59234 0.25747 0.63038 0.08817999999999998 0.57241 0.07815999999999998 0.54866 0.19923 0.42912 0.31954 1.0 0.0
1.0 0.0 0.42 0.61 0.0 0.0 1.0 1.0 0.9 1.0 0.43 0.64 0.0 0.0 0.0 0.0 0.67 0.29 0.8399999999999999 1.0 0.0 0.0 0.0 0.0 0.21 0.68 1.0 0.22 0.0 0.0 0.0 0.0 0.0 0.0 0.0 1.0
1.0 0.0 1.0 0.23395 0.91404 0.52013 0.7802 0.7214399999999999 0.4766 0.8422199999999999 0.27639 0.9173 0.09467 0.88248 0.2198 0.91404 0.34168 0.75517 0.5136 0.64527 0.64527 0.44614 0.74102 0.29162 0.70838 0.03591 0.71731 0.11943 0.64962 0.28183 0.51251 0.44505 0.37432 0.53319 1.0 0.0
1.0 0.0 0.91353 0.81586 0.72973 1.0 0.39466 0.55735 0.05405 0.2973 0.18599 0.10241 0.03158 0.0897 0.01401 0.03403 0.01108 0.00537 0.00342 0.00097 0.00048 0.00075 3e-05 0.00019 3e-05 2e-05 1e-05 0.0 0.0 0.0 0.0 0.0 0.0 0.0 0.0 1.0
1.0 0.0 0.21429 0.09524 0.33333 0.07143 0.19048 0.19048 0.2381 0.09524 0.40476 0.02381 0.30952 0.04762 0.30952 0.04762 0.28571 0.11905 0.33333 0.04762 0.30952 0.0 0.21429 0.11905 0.35714 0.04762 0.22109 0.0229 0.19048 0.0 0.16997 0.02034 0.14694 0.01877 1.0 0.0
1.0 0.0 1.0 0.14754 1.0 0.04918 0.57377 0.01639 0.65574 0.01639 0.85246 0.03279 0.72131 0.0 0.68852 0.16393 0.19672 0.14754 0.65558 0.17176 0.67213 0.03279 1.0 0.29508 0.31148 0.34426 0.52385 0.20325 0.32787 0.03279 0.27869 0.44262 0.4918 0.06557 0.0 1.0
1.0 0.0 0.98182 0.0 0.88627 0.03131 0.8624899999999999 0.04572 0.8 0.0 0.69091 0.04545 0.7934299999999999 0.08436 0.7711799999999999 0.09579 0.62727 0.25455 0.68182 0.12727 0.70674 0.12608 0.68604 0.13493 0.7454499999999998 0.22727 0.64581 0.15088 0.67273 0.02727 0.60715 0.16465 0.5884 0.17077 1.0 0.0
1.0 0.0 0.39286 0.52381 0.78824 0.11342 0.16628 0.76378 0.66667 0.0119 0.82143 0.40476 0.6723 0.30729 0.34797 0.63668 0.46429 0.15476 0.54762 0.05952 0.5183 0.44961 0.47651 0.47594 0.32143 0.70238 0.51971 0.38848 0.57143 0.39286 0.54891 0.29915 0.25441 0.55837 0.0 1.0
1.0 0.0 0.86889 0.07111 1.0 0.02494 1.0 0.06889 0.87778 0.00222 0.8355599999999999 0.06444 1.0 0.07287 1.0 0.2 0.86889 0.05333 0.88 0.03778 1.0 0.11526 1.0 0.18667 0.8444399999999999 0.03556 1.0 0.14162 0.8222199999999998 0.14667 1.0 0.15609 1.0 0.44222 1.0 0.0
1.0 0.0 0.43636 0.12727 0.58182 0.14545 0.18182 0.67273 0.34545 0.03636 0.29091 0.05455 0.29091 0.29091 0.36364 0.41818 0.2 0.01818 0.36364 0.05455 0.12727 0.49091 0.61818 0.16364 0.32727 0.16364 0.41098 0.07027 0.34545 0.05455 0.12727 0.36364 0.29091 0.29091 0.0 1.0
1.0 0.0 1.0 0.92453 1.0 0.7547199999999998 0.49057 0.0566 0.62264 0.0 1.0 0.00054 0.45283 0.07546999999999998 0.62264 0.0566 0.9887800000000002 0.0008499999999999998 0.5283 0.0 0.5283 0.07546999999999998 0.9519 0.00112 1.0 0.79245 0.92192 0.00128 0.9434 1.0 1.0 0.43396 0.43396 0.11321 1.0 0.0
1.0 0.0 0.7380999999999999 0.83333 0.7619 0.2381 0.33333 0.14286 0.45238 0.14286 0.67285 0.12808 0.33333 0.0 0.28571 0.07143 0.38214 0.51163 0.2381 0.02381 0.45238 0.04762 0.16667 0.2619 0.57255 0.10234 0.24889 0.51079 1.0 0.0 0.66667 0.04762 0.2619 0.02381 0.0 1.0
1.0 0.0 0.4375 0.04167 0.58333 0.10417 0.39583 0.0 0.33333 0.0625 0.47917 0.0 0.29167 0.10417 0.54167 0.02083 0.4375 0.22917 0.35417 0.22917 0.33333 0.08333 0.25 0.1875 0.39583 0.1875 0.44012 0.10064 0.41667 0.08333 0.58333 0.3125 0.33333 0.0625 1.0 0.0
1.0 0.0 1.0 1.0 0.0 0.0 0.0 0.0 0.0 0.0 0.47744 0.89098 0.51504 0.45489 0.95489 0.28571 0.64662 1.0 0.0 0.0 0.0 0.0 0.6203 0.20301 1.0 1.0 1.0 1.0 1.0 1.0 0.0 0.0 0.0 0.0 0.0 1.0
1.0 0.0 0.95217 0.06595 0.93614 0.1303 0.9099600000000002 0.19152 0.8488099999999998 0.49962 0.9002299999999999 0.6132 0.77937 0.34328 0.7225399999999998 0.37988 0.66145 0.40844 0.95472 0.59862 0.53258 0.44088 0.46773 0.44511 0.4044 0.44199 0.34374 0.43221 0.9033000000000002 1.0 0.23405 0.3962 0.18632 0.37191 1.0 0.0
1.0 0.0 0.5984 0.40332 0.82809 0.80521 0.7600099999999999 0.70709 0.8400999999999998 0.10984 0.97311 0.07981 0.95824 0.8572699999999999 0.9196200000000002 0.88444 0.95452 0.05206 0.88673 0.18135 0.98484 0.69594 0.8667 0.85755 0.28604 0.30063 1.0 0.17076 0.62958 0.42677 0.8775699999999999 0.8100699999999998 0.81979 0.68822 0.0 1.0
1.0 0.0 0.95882 0.10129 1.0 0.01918 0.98313 0.02555 0.96974 0.09316 0.98955 0.02716 0.9798 0.03096 1.0 0.05343 1.0 0.05179 0.9384 0.01557 0.9762 0.09284 0.97889 0.05318 0.91567 0.15675 0.95677 0.06995 0.90978 0.01307 1.0 0.10797 0.93144 0.06888 1.0 0.0
1.0 0.0 0.0 0.0 0.33672 0.8538799999999999 0.0 0.0 0.68869 1.0 0.97078 0.31385 0.26048 0.59212 0.30241 0.65565 0.9415500000000001 0.16391 0.0 0.0 0.0 0.0 0.18043 1.0 0.0 0.0 1.0 1.0 0.0 0.0 0.04447 0.61881 0.0 0.0 0.0 1.0
1.0 0.0 0.96933 0.00876 1.0 0.00843 0.98658 0.007629999999999999 0.9786800000000001 0.02844 0.9982 0.0351 1.0 0.01271 1.0 0.02581 1.0 0.01175 0.98485 0.00025 1.0 0.02612 1.0 0.04744 0.96019 0.04527 0.99188 0.03473 0.9702 0.02478 1.0 0.03855 0.9842 0.04112 1.0 0.0
1.0 0.0 0.0 0.0 0.98919 0.22703 0.18919 0.05405 0.0 0.0 0.93243 0.07296999999999998 1.0 0.2 1.0 0.07027 1.0 0.11351 0.0 0.0 1.0 0.21081 1.0 0.41622 0.0 0.0 1.0 0.17568 0.0 0.0 1.0 0.25946 0.28919 0.15676 0.0 1.0
1.0 0.0 0.64122 0.01403 0.34146 0.02439 0.52751 0.03466 0.19512 0.12195 0.43313 0.04755 0.21951 0.04878 0.29268 0.0 0.36585 0.0 0.31707 0.07317 0.26829 0.12195 0.23698 0.05813 0.21951 0.09756 0.19304 0.05641 0.1741 0.05504 0.19512 0.0 0.17073 0.07317 1.0 0.0
1.0 0.0 1.0 1.0 1.0 1.0 0.0 0.0 0.0 0.0 1.0 1.0 1.0 1.0 1.0 1.0 1.0 1.0 0.0 0.0 0.0 0.0 1.0 0.27778 0.0 0.0 1.0 1.0 1.0 1.0 1.0 1.0 0.0 0.0 0.0 1.0
1.0 0.0 0.34694 0.20408 0.46939 0.2449 0.40816 0.20408 0.46939 0.44898 0.30612 0.59184 0.12245 0.55102 0.0 0.5102 0.06122 0.55102 0.20408 0.55102 0.28571 0.44898 0.28571 0.32653 0.61224 0.22449 0.46579 0.14895 0.59184 0.18367 0.34694 0.0 0.26531 0.2449 1.0 0.0
1.0 0.0 0.0 0.0 1.0 1.0 0.0 0.0 0.0 0.0 1.0 1.0 1.0 0.25342 1.0 0.23288 1.0 1.0 0.0 0.0 0.0 0.0 1.0 1.0 0.0 0.0 1.0 1.0 0.0 0.0 1.0 1.0 0.0 0.0 0.0 1.0
1.0 0.0 0.8970599999999999 0.38235 0.91176 0.375 0.74265 0.67647 0.45588 0.77941 0.19118 0.88971 0.02206 0.86029 0.20588 0.82353 0.375 0.67647 0.5 0.47794 0.73529 0.38235 0.86029 0.08824 0.74265 0.125 0.67925 0.24131 0.55147 0.42647 0.44118 0.50735 0.28676 0.56618 1.0 0.0
1.0 0.0 1.0 0.28105 0.22222 0.15033 0.75693 0.70984 0.30719 0.71242 1.0 1.0 0.81699 0.33987 0.79085 0.02614 0.98039 0.8300699999999999 0.60131 0.54248 0.04575 0.8300699999999999 0.94118 0.94118 1.0 0.43137 0.74385 0.09176 1.0 0.05229 0.18301 0.02614 0.40201 0.48241 0.0 1.0
1.0 0.0 0.26667 0.1 0.53333 0.0 0.33333 0.13333 0.36667 0.11667 0.56667 0.01667 0.71667 0.08333 0.7 0.06667 0.53333 0.2 0.41667 0.01667 0.31667 0.2 0.7 0.0 0.25 0.13333 0.46214 0.05439 0.4 0.03333 0.46667 0.03333 0.41667 0.05 1.0 0.0
1.0 0.0 0.26667 0.4 0.27303 0.12159 0.17778 0.04444 0.06192 0.06879 0.04461 0.02575 0.00885 0.02726 0.01586 0.00166 0.00093 0.008829999999999998 0.0047 0.00153 0.00138 0.00238 0.00114 0.00102 0.00069 0.0005 0.00019 0.00043 0.00026 5e-05 0.0 0.00015 8e-05 2e-05 0.0 1.0
1.0 0.0 1.0 0.37838 0.64865 0.2973 0.64865 0.24324 0.8648599999999999 0.18919 1.0 0.27027 0.51351 0.0 0.62162 0.05405 0.32432 0.21622 0.71833 0.17666 0.62162 0.05405 0.75676 0.13514 0.35135 0.2973 0.61031 0.22163 0.58478 0.23027 0.72973 0.59459 0.51351 0.24324 1.0 0.0
1.0 0.0 0.94531 0.03516 1.0 0.33203 1.0 0.01563 0.97266 0.01172 0.93359 0.01953 1.0 0.16406 1.0 0.00391 0.95313 0.03516 0.92188 0.02734 0.99219 0.11719 0.93359 0.34766 0.95703 0.00391 0.8204099999999999 0.13758 0.90234 0.06641 1.0 0.1875 1.0 0.34375 0.0 1.0
1.0 0.0 0.95202 0.02254 0.93757 0.01272 0.93526 0.01214 0.96705 0.01734 0.9693600000000001 0.0052 0.95665 0.03064 0.9526 0.00405 0.9948 0.02659 0.99769 0.01792 0.93584 0.04971 0.93815 0.0237 0.97052 0.04451 0.96215 0.01647 0.97399 0.01908 0.95434 0.0341 0.95838 0.00809 1.0 0.0
1.0 0.0 1.0 0.05529 1.0 1.0 0.5 0.11111 0.36111 0.22222 1.0 0.25712 0.16667 0.11111 1.0 0.3466 1.0 0.38853 1.0 0.42862 0.0 0.25 1.0 0.50333 1.0 0.27778 1.0 0.57092 1.0 0.27778 1.0 0.63156 1.0 0.65935 0.0 1.0
1.0 0.0 0.31034 0.10345 0.24138 0.10345 0.2069 0.06897 0.07405 0.05431 0.03649 0.03689 0.01707 0.02383 0.00741 0.01482 0.00281 0.00893 0.00078 0.00523 3e-05 0.00299 0.00028 0.00166 0.00031 0.0008999999999999999 0.00025 0.00048 0.00018 0.00024 0.00012 0.00012 8e-05 6e-05 1.0 0.0
1.0 0.0 0.62745 0.07843 0.7254899999999999 0.0 0.60784 0.07843 0.62745 0.11765 0.68627 0.11765 0.66667 0.13725 0.64706 0.09804 0.54902 0.11765 0.54902 0.21569 0.58824 0.19608 0.66667 0.23529 0.45098 0.2549 0.52409 0.24668 0.56863 0.31373 0.43137 0.21569 0.47059 0.27451 0.0 1.0
1.0 0.0 0.25 0.16667 0.46667 0.26667 0.19036 0.23966 0.07766 0.19939 0.0107 0.14922 0.02367 0.10188 0.03685 0.06317 0.03766 0.03458 0.0323 0.01532 0.02474 0.00357 0.01726 0.00273 0.01097 0.00539 0.00621 0.00586 0.00294 0.0052 0.0008899999999999998 0.00408 0.00025 0.00291 1.0 0.0
1.0 0.0 0.65625 0.15625 0.0625 0.0 0.0 0.0625 0.625 0.0625 0.1875 0.0 0.03125 0.09375 0.0625 0.0 0.15625 0.15625 0.4375 0.375 0.0 0.09375 0.0 0.0 0.03125 0.46875 0.03125 0.0 0.71875 0.03125 0.03125 0.0 0.0 0.09375 0.0 1.0
1.0 0.0 1.0 0.01081 1.0 0.02703 1.0 0.06486 0.95135 0.01622 0.98919 0.03243 0.98919 0.08648999999999998 1.0 0.06486 0.95135 0.09189000000000001 0.97838 0.00541 1.0 0.06486 1.0 0.04324 0.97838 0.09189000000000001 0.9855600000000002 0.01251 1.0 0.03243 1.0 0.02703 1.0 0.07027 1.0 0.0
1.0 0.0 0.8527099999999999 0.05426 1.0 0.08068999999999998 1.0 1.0 0.91473 0.00775 0.83721 0.03876 1.0 0.27153 1.0 1.0 0.8139499999999998 0.04651 0.90698 0.11628 1.0 0.5067 1.0 1.0 0.8062 0.03876 1.0 0.71613 0.84496 0.06977 1.0 0.87317 1.0 1.0 0.0 1.0
1.0 0.0 0.90374 0.01604 1.0 0.08021 1.0 0.01604 0.93048 0.00535 0.93583 0.01604 1.0 0.0 1.0 0.06417 1.0 0.04813 0.91444 0.04278 0.96791 0.02139 0.9893 0.01604 0.96257 0.05348 0.96974 0.04452 0.8770099999999998 0.0107 1.0 0.09091 0.97861 0.06417 1.0 0.0
1.0 0.0 0.205 0.2875 0.23 0.1 0.2825 0.3175 0.3225 0.35 0.36285 0.34617 0.0925 0.275 0.095 0.21 0.08749999999999998 0.235 0.34187 0.31408 0.48 0.08 0.29908 0.33176 0.58 0.24 0.3219 0.28475 0.47 0.185 0.27104 0.31228 0.40445 0.0305 0.0 1.0
1.0 0.0 0.6 0.03333 0.63333 0.06667 0.7 0.06667 0.7 0.0 0.63333 0.0 0.8 0.0 0.73333 0.0 0.7 0.1 0.66667 0.1 0.73333 0.03333 0.7666699999999999 0.0 0.63333 0.13333 0.65932 0.10168 0.6 0.13333 0.6 0.16667 0.63333 0.16667 1.0 0.0
1.0 0.0 0.05866 0.00838 0.06704 0.00838 0.0 0.01117 0.00559 0.03911 0.01676 0.07542 0.00559 0.05307 0.06425 0.03352 0.0 0.09497 0.06425 0.07542 0.04749 0.02514 0.02793 0.00559 0.00838 0.00559 0.10335 0.00838 0.03073 0.00279 0.04469 0.0 0.04749 0.03352 0.0 1.0
1.0 0.0 0.94653 0.28713 0.7255399999999999 0.67248 0.47564 0.82455 0.01267 0.89109 0.24871 0.84475 0.47644 0.56079 0.75881 0.41743 0.66455 0.07208 0.65426 0.19525 0.52475 0.44 0.30851 0.55089 0.04119 0.64792 0.16085 0.5642 0.36752 0.41901 0.46059 0.22535 0.50376 0.0598 1.0 0.0
1.0 0.0 0.0546 0.01437 0.02586 0.04598 0.01437 0.04598 0.07759 0.00862 0.01724 0.06609 0.03736 0.0431 0.08333 0.04598 0.09483 0.08046 0.04023 0.05172 0.02011 0.02299 0.03736 0.01149 0.03161 0.00862 0.00862 0.01724 0.02586 0.01149 0.02586 0.01149 0.04598 0.00575 0.0 1.0
1.0 0.0 0.72414 0.01084 0.7970399999999999 0.01084 0.8 0.00197 0.79015 0.01084 0.78424 0.00985 0.8335 0.03251 0.85123 0.01675 0.8009899999999999 0.00788 0.79113 0.02956 0.75961 0.0335 0.74778 0.05517 0.72611 0.01478 0.78041 0.00612 0.74089 0.05025 0.8295599999999999 0.02956 0.79015 0.00788 1.0 0.0
1.0 0.0 0.03852 0.02568 0.00428 0.0 0.01997 0.01997 0.0214 0.04993 0.0485 0.01284 0.01427 0.02282 0.0 0.03281 0.04708 0.02853 0.01712 0.03566 0.0214 0.00428 0.05136 0.02282 0.05136 0.01854 0.03994 0.01569 0.01997 0.00713 0.02568 0.01854 0.01427 0.01997 0.0 1.0
1.0 0.0 0.4709 0.22751 0.42328 0.33598 0.25661 0.47619 0.01852 0.49471 0.02116 0.53968 0.34127 0.31217 0.4127 0.3254 0.51587 0.06878 0.5 0.1164 0.14815 0.1455 0.14815 0.38095 0.2328 0.00265 0.03574 0.31739 0.15873 0.21693 0.24868 0.24339 0.2672 0.04233 1.0 0.0
1.0 0.0 0.08695999999999998 0.00686 0.13959 0.04119 0.10526 0.08237999999999998 0.12586 0.06178 0.23341 0.01144 0.12357 0.07779999999999998 0.14645 0.13501 0.29062 0.04805 0.18993 0.07323 0.1167 0.0 0.11213 0.00229 0.15103 0.10297 0.08466999999999998 0.01373 0.11213 0.06636 0.09611 0.07323 0.1167 0.06865 0.0 1.0
1.0 0.0 0.94333 0.38574 0.48263 0.64534 0.21572 0.77514 0.55941 0.64899 0.73675 0.42048 0.76051 0.0 0.62706 0.31079 0.38391 0.62157 0.12797 0.69287 0.49909 0.6362 0.71481 0.3766 0.7385699999999998 0.05484 0.60098 0.30384 0.45521 0.60512 0.02742 0.54479 0.21572 0.50457 1.0 0.0
1.0 0.0 0.01975 0.00705 0.0409 0.00846 0.02116 0.01128 0.01128 0.04372 0.00282 0.00141 0.01975 0.03103 0.01975 0.06065 0.0409 0.0268 0.02398 0.00423 0.04372 0.02539 0.01834 0.0 0.0 0.01269 0.01834 0.01128 0.00564 0.01551 0.01693 0.02398 0.00705 0.0 0.0 1.0
1.0 0.0 0.85736 0.00075 0.81927 0.05676 0.7752099999999998 0.04182 0.8431699999999999 0.09037 0.86258 0.11949 0.88051 0.06124 0.78342 0.0351 0.83719 0.06796 0.8357 0.1419 0.8812499999999999 0.01195 0.90515 0.0224 0.79686 0.01942 0.8238299999999998 0.03678 0.8812499999999999 0.06423 0.73936 0.01942 0.79089 0.09186 1.0 0.0
1.0 0.0 1.0 1.0 1.0 1.0 1.0 1.0 1.0 1.0 1.0 1.0 1.0 1.0 1.0 1.0 1.0 1.0 1.0 1.0 1.0 1.0 1.0 1.0 1.0 1.0 1.0 1.0 1.0 1.0 1.0 1.0 1.0 1.0 0.0 1.0
1.0 0.0 0.85209 0.39252 0.38887 0.76432 0.08858 0.98903 0.42625 0.88744 0.76229 0.4998 0.93092 0.10768 0.859 0.31044 0.6603 0.55262 0.1926 0.86063 0.28444 0.80496 0.64649 0.3523 0.77814 0.23324 0.71698 0.21343 0.3783 0.5831 0.19667 0.66315 0.11215 0.64933 1.0 0.0
1.0 0.0 1.0 1.0 1.0 0.5125 0.625 1.0 1.0 1.0 0.025 0.03125 1.0 1.0 0.0 0.0 1.0 1.0 1.0 1.0 1.0 1.0 0.3125 1.0 1.0 1.0 1.0 1.0 1.0 1.0 0.94375 1.0 0.0 0.0 0.0 1.0
1.0 0.0 1.0 0.54902 0.62745 1.0 0.01961 1.0 0.4902 0.92157 0.82353 0.58824 1.0 0.11765 0.96078 0.33333 0.64706 0.68627 0.23529 0.86275 0.35294 1.0 0.7451 0.7254899999999999 0.92157 0.21569 0.92874 0.21876 0.7254899999999999 0.56863 0.23529 0.90196 0.11765 0.90196 1.0 0.0
1.0 0.0 0.0 0.0 1.0 1.0 1.0 1.0 0.0 0.0 1.0 1.0 1.0 1.0 1.0 1.0 0.0 0.0 0.0 0.0 1.0 1.0 1.0 1.0 1.0 0.4375 1.0 1.0 0.0 0.0 1.0 1.0 1.0 1.0 0.0 1.0
1.0 0.0 0.44444 0.44444 0.53695 0.90763 0.22222 1.0 0.33333 0.8888899999999998 1.0 0.33333 1.0 0.11111 1.0 0.22222 0.66667 0.77778 0.55556 1.0 0.22222 0.77778 0.77778 0.22222 0.33333 0.0 0.9212 0.45019 0.57454 0.84353 0.22222 1.0 0.55556 1.0 1.0 0.0
0.0 0.0 0.0 0.0 0.0 0.0 0.0 0.0 0.0 0.0 0.0 0.0 0.0 0.0 0.0 0.0 0.0 0.0 0.0 0.0 0.0 0.0 0.0 0.0 0.0 0.0 1.0 0.0 0.0 0.0 0.0 0.0 0.0 0.0 0.0 1.0
1.0 0.0 1.0 0.0 1.0 0.0 0.5 0.5 0.75 0.0 0.91201 0.12094 0.8906699999999999 0.1421 0.86922 0.16228 0.75 0.25 0.75 0.5 0.75 0.0 1.0 0.25 0.5 0.5 0.73944 0.26388 0.75 0.25 0.69635 0.29074 0.67493 0.30293 1.0 0.0
0.0 0.0 1.0 1.0 1.0 1.0 0.0 0.0 1.0 1.0 1.0 1.0 1.0 1.0 1.0 1.0 0.0 0.0 1.0 1.0 0.0 0.0 0.0 0.0 1.0 1.0 1.0 1.0 1.0 1.0 1.0 1.0 0.0 0.0 0.0 1.0
1.0 0.0 1.0 0.0 1.0 0.0 0.66667 0.11111 1.0 0.11111 0.8888899999999998 0.11111 1.0 0.22222 0.77778 0.0 0.77778 0.0 1.0 0.11111 0.77778 0.11111 0.66667 0.11111 0.66667 0.0 0.9034700000000001 0.05352 1.0 0.11111 0.8888899999999998 0.11111 1.0 0.0 1.0 0.0
0.0 0.0 0.0 0.0 0.0 0.0 0.0 0.0 0.0 0.0 0.0 0.0 1.0 1.0 0.0 0.0 1.0 0.75 0.0 0.0 0.0 0.0 1.0 1.0 0.0 0.0 1.0 1.0 1.0 1.0 1.0 1.0 0.0 0.0 0.0 1.0
1.0 0.0 1.0 0.45455 1.0 0.45455 1.0 0.09091 1.0 0.09091 1.0 0.0 1.0 0.27273 1.0 0.18182 1.0 0.09091 1.0 0.0 1.0 0.36364 1.0 0.09091 1.0 0.09091 1.0 0.04914 1.0 0.45455 1.0 0.27273 1.0 0.18182 1.0 0.0
1.0 0.0 0.62121 0.63636 0.0 0.0 0.0 0.0 0.3447 0.28788 0.42803 0.39394 0.07575999999999998 0.51894 0.36364 0.31439 0.53788 0.32955 0.12121 0.14773 0.01894 0.53409 0.57576 0.17803 0.29167 0.27273 0.25758 0.57576 0.43182 0.24242 0.18182 0.02273 0.17045 0.41667 0.0 1.0
1.0 0.0 1.0 0.11765 1.0 0.23529 1.0 0.41176 1.0 0.05882 1.0 0.23529 1.0 0.11765 1.0 0.47059 1.0 0.05882 1.0 0.11765 1.0 0.35294 1.0 0.41176 1.0 0.11765 1.0 0.20225 1.0 0.05882 1.0 0.35294 1.0 0.23529 1.0 0.0
1.0 0.0 0.0 0.0 1.0 0.62766 1.0 0.51064 0.07979 0.23404 1.0 0.3617 0.12766 0.59043 1.0 1.0 0.0 0.0 0.82979 0.07979 0.25 1.0 0.17021 0.70745 0.0 0.0 0.19149 0.46809 0.2234 0.48936 0.74468 0.90426 0.67553 0.45745 0.0 1.0
1.0 0.0 0.91667 0.29167 0.83333 0.16667 0.70833 0.25 0.875 0.08333 0.91667 0.04167 0.83333 0.125 0.70833 0.0 0.875 0.04167 1.0 0.08333 0.66667 0.08333 0.75 0.16667 0.83333 0.125 0.83796 0.05503 1.0 0.20833 0.70833 0.0 0.70833 0.04167 1.0 0.0
1.0 0.0 0.1859 0.16667 0.0 0.0 0.0 0.0 0.0 0.0 0.0 0.0 0.11538 0.19071 0.0 0.0 0.0 0.0 0.0 0.0 0.0 0.0 0.05128 0.06571 0.07853 0.08974 0.17308 0.10897 0.125 0.09615000000000001 0.02564 0.04808 0.16827 0.19551 0.0 1.0
1.0 0.0 1.0 0.08183 1.0 0.11326 0.99246 0.29802 1.0 0.33075 0.96662 0.34281 0.8578799999999999 0.47265 0.91904 0.4817 0.73084 0.65224 0.68131 0.63544 0.8245 0.7831599999999999 0.58829 0.74785 0.67033 0.96296 0.48757 0.8566899999999998 0.37941 0.8389299999999998 0.24117 0.88846 0.29221 0.8962099999999998 1.0 0.0
1.0 0.0 1.0 1.0 1.0 1.0 1.0 0.8245599999999998 0.34649 0.21053 0.46053 0.07018 0.22807 0.05702 0.35088 0.34649 0.72807 0.03947 0.22807 0.5307 0.0 0.0 0.29825 0.16228 1.0 0.66667 1.0 1.0 1.0 0.24561 0.35088 0.20175 0.8289499999999999 0.07895 0.0 1.0
1.0 0.0 1.0 0.24077 0.99815 0.00369 0.80244 0.30133 0.89919 0.23486 0.70643 0.24077 0.73855 0.30539 0.71492 0.36078 0.47194 0.61189 0.40473 0.55059 0.61041 0.39328 0.53176 0.32681 0.23966 0.52142 0.29208 0.4839 0.12777 0.39143 0.15657 0.51329 0.18353 0.46603 1.0 0.0
0.0 0.0 1.0 1.0 1.0 1.0 0.0 0.0 0.0 0.0 1.0 1.0 1.0 1.0 0.0 0.0 1.0 1.0 0.0 0.0 0.0 0.0 1.0 1.0 1.0 1.0 1.0 1.0 1.0 1.0 1.0 1.0 0.0 0.0 0.0 1.0
1.0 0.0 0.92247 0.19448 0.9641900000000002 0.17674 0.87024 0.22602 0.8170199999999999 0.2707 0.79271 0.28909 0.70302 0.49639 0.63338 0.49967 0.37254 0.70729 0.2707 0.72109 0.40506 0.54172 0.33509 0.59691 0.1475 0.63601 0.09312 0.59589 0.07162 0.54928 0.0184 0.54074 0.07456999999999998 0.47898 1.0 0.0
1.0 0.0 1.0 1.0 0.50694 1.0 1.0 1.0 1.0 0.53819 0.0 0.0 0.23958 1.0 1.0 1.0 0.0 0.0 1.0 1.0 1.0 1.0 0.0 0.0 0.71528 1.0 0.33333 1.0 1.0 1.0 0.69792 1.0 0.47569 1.0 0.0 1.0
1.0 0.0 0.84177 0.4346 0.5 0.7616 0.09916 0.9346 0.37764 0.8818599999999999 0.72363 0.61181 0.93882 0.19409 0.86709 0.25527 0.62869 0.65612 0.25105 0.8565399999999999 0.16245 0.8649799999999999 0.51477 0.66878 0.74895 0.28903 0.77937 0.07932999999999998 0.64135 0.42827 0.31435 0.62447 0.00422 0.69409 1.0 0.0
1.0 0.0 1.0 1.0 0.0 0.0 1.0 1.0 1.0 1.0 1.0 1.0 1.0 1.0 0.0 0.0 1.0 1.0 1.0 1.0 0.0 0.0 1.0 1.0 1.0 1.0 1.0 1.0 1.0 1.0 1.0 1.0 0.0 0.0 0.0 1.0
1.0 0.0 1.0 0.63548 1.0 1.0 0.7712299999999999 1.0 0.33333 1.0 1.0 1.0 0.0 1.0 1.0 1.0 1.0 0.0 1.0 0.66667 1.0 0.92536 1.0 0.33333 0.33333 1.0 0.19235 1.0 1.0 1.0 0.0 1.0 1.0 0.66667 1.0 0.0
0.0 0.0 1.0 1.0 1.0 1.0 0.0 0.0 1.0 1.0 1.0 1.0 1.0 1.0 1.0 1.0 0.0 0.0 1.0 1.0 1.0 1.0 0.0 0.0 1.0 1.0 1.0 1.0 1.0 1.0 1.0 1.0 0.0 0.0 0.0 1.0
1.0 0.0 1.0 0.06843 1.0 0.14211 1.0 0.22108 1.0 0.125 1.0 0.39495 1.0 0.48981 1.0 0.58986 0.375 1.0 1.0 0.0 1.0 0.9200100000000001 1.0 1.0 1.0 1.0 1.0 1.0 1.0 0.25 1.0 1.0 1.0 1.0 1.0 0.0
0.0 0.0 1.0 1.0 0.0 0.0 0.0 0.0 0.0 0.0 0.0 0.0 0.0 0.0 1.0 1.0 0.0 0.0 1.0 1.0 0.0 0.0 1.0 1.0 1.0 1.0 1.0 1.0 0.0 0.0 0.0 0.0 0.0 0.0 0.0 1.0
1.0 0.0 0.64947 0.07896 0.58264 0.1438 0.13129 0.21384 0.29796 0.04403 0.38096 0.26339 0.28931 0.31997 0.03459 0.18947 0.20269 0.29441 0.15196 0.29052 0.09513 0.31525 0.06556 0.26795 0.03004 0.25124 0.00046 0.2321 0.02612 0.21129 0.04717 0.1895 0.01336 0.27201 1.0 0.0
1.0 0.0 0.0 0.0 0.0 0.0 0.0 0.0 0.0 0.0 1.0 0.33333 0.16667 0.26042 0.0 0.0 0.0 0.0 0.0 0.0 0.19792 0.21875 0.16667 0.90625 1.0 0.5 0.04167 0.75 0.22917 1.0 0.125 0.27083 0.19792 0.9375 0.0 1.0
1.0 0.0 1.0 0.05149 0.99363 0.10123 0.96142 0.14756 0.95513 0.26496 0.66026 0.54701 0.8042599999999999 0.25283 0.7378099999999999 0.2738 0.66775 0.28714 0.59615 0.29304 0.52494 0.292 0.45582 0.28476 0.39023 0.27226 0.3293 0.25553 0.27381 0.23568 0.22427 0.21378 0.18086 0.19083 1.0 0.0
1.0 0.0 1.0 0.09524 1.0 1.0 1.0 1.0 1.0 0.31746 0.81349 0.7619 1.0 1.0 1.0 1.0 0.47364 1.0 1.0 1.0 0.68839 1.0 1.0 1.0 0.82937 0.36508 1.0 1.0 1.0 0.50794 1.0 0.3254 1.0 0.72831 0.0 1.0
1.0 0.0 0.93669 0.0019 0.60761 0.43204 0.92314 0.40129 0.93123 0.16828 0.9619700000000002 0.09061 0.99676 0.08172 0.91586 0.05097 0.84628 0.25324 0.8737899999999998 0.14482 0.8487099999999999 0.26133 0.7508099999999999 0.03641 0.84547 0.02589 0.87293 0.02302 0.98544 0.09385 0.78317 0.10194 0.85841 0.14725 1.0 0.0
1.0 0.0 1.0 1.0 1.0 1.0 1.0 1.0 1.0 0.5 1.0 1.0 1.0 1.0 1.0 1.0 0.0 0.0 1.0 1.0 1.0 1.0 1.0 1.0 1.0 1.0 1.0 0.625 1.0 0.75 0.75 1.0 1.0 1.0 0.0 1.0
1.0 0.0 1.0 0.23058 1.0 0.7850899999999998 1.0 0.10401 1.0 0.15414 1.0 0.2782 0.9812 0.06861 1.0 0.0661 0.95802 0.18954 0.83584 0.15633 0.974 0.03728 0.99624 0.09242 1.0 0.01253 0.96238 0.04597 0.91165 0.03885 1.0 0.13722 0.96523 0.11717 1.0 0.0
1.0 0.0 0.36876 1.0 1.0 1.0 0.07660999999999998 1.0 1.0 0.95041 0.74597 0.3871 1.0 0.79313 0.09677 1.0 0.48684 0.46502 0.31755 0.27461 0.14343 0.20188 0.11976 0.06895 0.03021 0.06639 0.03443 0.01186 0.00403 0.01672 0.007609999999999999 0.00108 0.00015 0.00325 0.0 1.0
1.0 0.0 0.79847 0.38265 0.80804 0.16964 1.0 0.07653 0.9815100000000001 0.07398 0.70217 0.20663 0.99745 0.02105 0.98214 0.02487 1.0 0.13074 0.95663 0.07717 1.0 0.00191 0.90306 0.30804 1.0 0.14541 1.0 0.00394 0.75638 0.07907999999999998 1.0 0.1875 1.0 0.0574 1.0 0.0
0.0 0.0 0.0 0.0 0.0 0.0 0.0 0.0 0.0 0.0 0.0 0.0 1.0 1.0 1.0 1.0 1.0 1.0 0.0 0.0 1.0 1.0 1.0 1.0 1.0 1.0 1.0 0.0 1.0 1.0 1.0 1.0 0.0 0.0 0.0 1.0
1.0 0.0 1.0 0.28428 1.0 0.25346 0.94623 0.35094 1.0 0.30566 0.92736 0.49057 0.90818 0.44119 0.7572299999999998 0.58899 0.69748 0.58019 0.59623 0.57579 0.68459 0.70975 0.54465 0.87327 0.49214 0.73333 0.35504 0.76054 0.26352 0.78239 0.16604 0.73145 0.13994 0.7 1.0 0.0
1.0 0.0 0.0 0.0 0.0 0.0 0.0 0.0 0.8499999999999999 1.0 0.0 0.0 1.0 1.0 0.0 0.0 1.0 1.0 1.0 1.0 1.0 1.0 0.6 1.0 1.0 1.0 1.0 0.2 1.0 1.0 0.0 1.0 0.0 0.0 0.0 1.0
1.0 0.0 1.0 0.09091 0.95455 0.09091 0.77273 0.0 1.0 0.0 0.95455 0.0 1.0 0.04545 0.90909 0.04545 1.0 0.0 1.0 0.0 0.8636399999999999 0.09091 0.77273 0.09091 0.90909 0.04545 0.91541 0.02897 0.95455 0.09091 0.8636399999999999 0.09091 0.8636399999999999 0.04545 1.0 0.0
0.0 0.0 0.0 0.0 1.0 1.0 1.0 1.0 1.0 1.0 0.0 0.0 1.0 1.0 1.0 0.3125 1.0 1.0 1.0 1.0 1.0 1.0 0.0 0.0 1.0 1.0 1.0 1.0 0.0 0.0 1.0 1.0 0.0 0.0 0.0 1.0
1.0 0.0 0.91176 0.08824 0.97059 0.17647 0.82353 0.08824 0.91176 0.02941 0.97059 0.17647 0.97059 0.14706 0.94118 0.02941 1.0 0.0 1.0 0.0 0.76471 0.11765 0.8823499999999999 0.02941 0.85294 0.02941 0.92663 0.026 0.94118 0.11765 0.97059 0.05882 0.91176 0.05882 1.0 0.0
1.0 0.0 1.0 1.0 1.0 0.15244 0.28354 1.0 1.0 1.0 1.0 1.0 1.0 1.0 1.0 0.23476 0.28301 1.0 1.0 1.0 0.31402 1.0 1.0 1.0 1.0 1.0 1.0 0.03578 1.0 1.0 1.0 0.32317 0.14939 1.0 0.0 1.0
1.0 0.0 0.47368 0.10526 0.83781 0.01756 0.83155 0.02615 0.68421 0.05263 0.68421 0.0 0.79856 0.05028 0.78315 0.05756 0.84211 0.47368 1.0 0.05263 0.7255 0.07631 0.70301 0.08140999999999998 0.42105 0.21053 0.65419 0.08967999999999998 0.52632 0.21053 0.6015 0.09534 0.57418 0.09719 1.0 0.0
1.0 0.0 0.00641 0.5 0.0 0.0 0.01923 1.0 0.0 0.0 0.0 0.0 0.0 0.0 0.0 0.0 0.0 0.0 0.3141 0.92949 0.35256 0.7435899999999999 0.34615 0.80769 0.0 0.0 0.61538 0.51282 0.0 0.0 0.0 0.0 0.0 0.0 0.0 1.0
1.0 0.0 1.0 0.45455 1.0 0.54545 0.81818 0.63636 1.0 0.09091 1.0 0.0 0.81818 0.45455 0.63636 0.27273 1.0 0.63636 1.0 0.27273 0.90909 0.45455 1.0 0.0775 1.0 0.09091 1.0 0.08867 1.0 0.36364 1.0 0.63636 0.7272699999999999 0.27273 1.0 0.0
0.0 0.0 1.0 1.0 1.0 1.0 1.0 1.0 0.0 0.0 1.0 1.0 1.0 1.0 0.0 0.0 0.0 0.0 0.0 0.0 1.0 1.0 1.0 1.0 1.0 1.0 1.0 1.0 0.0 0.0 1.0 0.5 0.0 0.0 0.0 1.0
1.0 0.0 0.45455 0.09091 0.63636 0.09091 0.27273 0.18182 0.63636 0.0 0.36364 0.09091 0.45455 0.09091 0.48612 0.01343 0.63636 0.18182 0.45455 0.0 0.36364 0.09091 0.27273 0.18182 0.36364 0.09091 0.34442 0.01768 0.27273 0.0 0.36364 0.0 0.28985 0.01832 1.0 0.0
1.0 0.0 1.0 0.59677 0.0 0.0 1.0 0.64516 0.87097 1.0 0.0 0.0 0.0 0.0 0.0 0.0 0.0 0.0 0.0 0.0 1.0 1.0 0.0 0.0 0.29839 0.23387 1.0 0.51613 0.0 0.0 0.0 0.0 0.0 0.0 0.0 1.0
1.0 0.0 1.0 0.14286 1.0 0.71429 1.0 0.71429 1.0 0.14286 0.85714 0.14286 1.0 0.02534 1.0 0.0 0.42857 0.14286 1.0 0.03617 1.0 0.28571 1.0 0.0 0.28571 0.28571 1.0 0.04891 1.0 0.05182 1.0 0.57143 1.0 0.0 1.0 0.0
0.0 0.0 1.0 1.0 1.0 1.0 1.0 1.0 1.0 1.0 1.0 1.0 1.0 1.0 1.0 1.0 1.0 1.0 1.0 1.0 1.0 1.0 1.0 1.0 1.0 1.0 1.0 1.0 1.0 1.0 1.0 1.0 1.0 1.0 0.0 1.0
1.0 0.0 0.87032 0.46972 0.53945 0.8216099999999998 0.1038 0.95275 0.38033 0.87916 0.73939 0.58226 0.92099 0.16731 0.8241699999999998 0.24942 0.59383 0.63342 0.24012 0.82881 0.18823 0.7869899999999999 0.51557 0.5743 0.69274 0.24843 0.69097 0.10484 0.52798 0.39762 0.25974 0.56573 0.06739 0.57552 1.0 0.0
0.0 0.0 1.0 1.0 1.0 1.0 1.0 1.0 1.0 1.0 1.0 1.0 1.0 1.0 1.0 1.0 1.0 1.0 1.0 1.0 1.0 1.0 1.0 1.0 1.0 1.0 1.0 1.0 1.0 1.0 1.0 1.0 1.0 1.0 0.0 1.0
1.0 0.0 0.92657 0.04174 0.89266 0.15766 0.8609799999999999 0.19791 0.83675 0.36526 0.8061899999999999 0.40198 0.76221 0.40552 0.66586 0.4836 0.60101 0.51752 0.53392 0.5218 0.48435 0.54212 0.42546 0.55684 0.3334 0.55274 0.26978 0.54214 0.22307 0.53448 0.14312 0.49124 0.11573 0.46571 1.0 0.0
0.0 0.0 1.0 1.0 1.0 1.0 1.0 1.0 1.0 1.0 0.0 0.0 1.0 1.0 0.0 0.0 0.0 0.0 0.0 0.0 1.0 1.0 1.0 1.0 0.0 0.0 1.0 1.0 0.0 0.0 1.0 1.0 0.0 0.0 0.0 1.0
1.0 0.0 0.93537 0.13645 0.9371600000000002 0.25359 0.8570499999999999 0.38779 0.79039 0.47127 0.72352 0.59942 0.6526 0.75 0.5083 0.7358599999999998 0.41629 0.82742 0.25539 0.8595199999999998 0.13712 0.8561499999999999 0.00494 0.88869 0.07360999999999998 0.7977999999999998 0.20995 0.7800399999999998 0.33169 0.71454 0.38532 0.64363 0.47419 0.55835 1.0 0.0
0.0 0.0 1.0 1.0 1.0 1.0 1.0 1.0 1.0 1.0 1.0 1.0 1.0 1.0 1.0 1.0 1.0 1.0 1.0 1.0 1.0 1.0 1.0 1.0 1.0 0.0 1.0 1.0 1.0 1.0 1.0 1.0 1.0 1.0 0.0 1.0
1.0 0.0 0.80627 0.13069 0.73061 0.24323 0.64615 0.19038 0.36923 0.45577 0.44793 0.46439 0.25 0.57308 0.25192 0.37115 0.15215 0.51877 0.09808 0.575 0.03462 0.42885 0.08856 0.44424 0.14943 0.40006 0.1994 0.34976 0.23832 0.29541 0.26634 0.23896 0.23846 0.31154 1.0 0.0
0.0 0.0 1.0 1.0 1.0 1.0 1.0 1.0 1.0 1.0 1.0 1.0 1.0 1.0 1.0 1.0 1.0 1.0 1.0 1.0 1.0 1.0 1.0 1.0 1.0 1.0 1.0 1.0 1.0 1.0 1.0 1.0 1.0 1.0 0.0 1.0
1.0 0.0 0.97467 0.13082 0.9412 0.20036 0.88783 0.32248 0.89009 0.32711 0.8555 0.45217 0.7229799999999998 0.52284 0.69946 0.5882 0.58548 0.66893 0.48869 0.70398 0.44245 0.68159 0.35289 0.75622 0.26832 0.7621 0.16813 0.78541 0.07496999999999998 0.80439 0.02962 0.77702 0.10289 0.7424199999999999 1.0 0.0
0.0 0.0 0.0 0.0 1.0 1.0 0.0 0.0 1.0 1.0 0.0 0.0 1.0 1.0 0.0 0.0 0.0 0.0 0.0 0.0 0.0 0.0 0.0 0.0 0.0 0.0 1.0 1.0 0.0 0.0 1.0 1.0 0.0 0.0 0.0 1.0
1.0 0.0 0.92308 0.15451 0.86399 0.29757 0.72582 0.3679 0.70588 0.5683 0.57449 0.62719 0.4327 0.7467599999999999 0.31705 0.67697 0.19128 0.7681799999999999 0.04686 0.76171 0.12064 0.76969 0.18479 0.71327 0.29291 0.65708 0.38798 0.58553 0.46799 0.50131 0.53146 0.40732 0.56231 0.35095 1.0 0.0
0.0 0.0 0.0 0.0 1.0 1.0 1.0 1.0 0.0 0.0 0.0 0.0 1.0 1.0 0.0 0.0 1.0 1.0 0.0 0.0 0.0 0.0 1.0 1.0 0.0 0.0 1.0 1.0 0.0 0.0 1.0 1.0 0.0 0.0 0.0 1.0
1.0 0.0 0.88804 0.38138 0.65926 0.69431 0.29148 0.87892 0.06726 0.90135 0.39597 0.8044099999999998 0.64574 0.56502 0.8296 0.26906 0.7894 0.08204999999999998 0.6278 0.30942 0.46637 0.55605 0.16449 0.64338 0.09562 0.61055 0.30406 0.48392 0.43227 0.29838 0.47029 0.09461000000000001 0.42152 0.12556 1.0 0.0
0.0 0.0 1.0 1.0 1.0 1.0 1.0 1.0 1.0 1.0 1.0 1.0 1.0 1.0 1.0 1.0 1.0 1.0 1.0 1.0 1.0 1.0 1.0 1.0 1.0 1.0 1.0 1.0 1.0 1.0 1.0 1.0 1.0 1.0 0.0 1.0
1.0 0.0 0.73523 0.38293 0.8015099999999998 0.10278 0.7882599999999998 0.15266 0.5558 0.05252 1.0 0.21225 0.71947 0.28954 0.68798 0.32925 0.49672 0.17287 0.64333 0.02845 0.57399 0.42528 0.5312 0.44872 0.9453 0.57549 0.44174 0.482 0.12473 1.0 0.3507 0.49721 0.30588 0.49831 1.0 0.0
0.0 0.0 0.0 0.0 0.0 0.0 0.0 0.0 0.0 0.0 0.0 0.0 0.0 0.0 0.0 0.0 0.0 0.0 0.0 0.0 0.0 0.0 0.0 0.0 0.0 0.0 1.0 1.0 0.0 0.0 0.0 0.0 0.0 0.0 0.0 1.0
1.0 0.0 0.94649 0.00892 0.97287 0.0026 0.98922 0.00372 0.95801 0.01598 0.94054 0.0353 0.97213 0.04719 0.98625 0.01858 0.9427700000000001 0.07135 0.9855100000000001 0.00706 0.9777 0.0498 0.9635800000000002 0.07098 0.93274 0.08101 0.9524300000000001 0.04356 0.97473 0.008179999999999998 0.97845 0.07061 1.0 0.0026 1.0 0.0
0.0 0.0 1.0 1.0 1.0 1.0 1.0 1.0 0.0 0.0 0.0 0.0 1.0 1.0 0.0 0.0 0.0 0.0 0.0 0.0 1.0 1.0 1.0 1.0 0.0 0.0 1.0 1.0 0.0 0.0 1.0 1.0 1.0 1.0 0.0 1.0
1.0 0.0 0.50466 0.169 0.71442 0.01513 0.71063 0.02258 0.68065 0.01282 0.34615 0.05594 0.6905 0.04393 0.68101 0.05058 0.67023 0.05692 0.63403 0.04662 0.64503 0.06856 0.63077 0.07381 0.84033 0.18065 0.59935 0.08304 0.38228 0.0676 0.56466 0.09046 0.54632 0.09346 1.0 0.0
1.0 0.0 0.68729 1.0 0.91973 0.76087 0.8177299999999998 0.04348 0.76087 0.10702 0.86789 0.73746 0.70067 0.18227 0.7592 0.13712 0.93478 0.25084 0.70736 0.18729 0.64883 0.24582 0.60201 0.77425 1.0 0.53846 0.8926199999999999 0.22216 0.7107 0.53846 1.0 0.06522 0.56522 0.23913 0.0 1.0
1.0 0.0 0.7629599999999999 0.07778 1.0 0.2963 1.0 0.85741 0.8 0.06111 0.45556 0.42778 1.0 0.12581 1.0 0.83519 0.49259 0.01852 0.8222199999999998 0.05926 0.98215 0.19938 1.0 0.22037 0.6963 0.26481 0.92148 0.24549 0.78889 0.02037 0.87492 0.27105 1.0 0.57037 1.0 0.0
1.0 0.0 0.38521 0.15564 0.41245 0.07392999999999998 0.26459 0.24125 0.23346 0.1323 0.19455 0.25292 0.24514 0.36965 0.08949 0.22957 0.03891 0.36965 0.05058 0.24903 0.24903 0.09728 0.07782 0.29961 0.02494 0.28482 0.06024 0.26256 0.14786 0.14786 0.09339 0.31128 0.19066 0.28794 0.0 1.0
1.0 0.0 0.5754 0.03175 0.75198 0.05357 0.61508 0.0119 0.53968 0.03373 0.61706 0.09921 0.59127 0.02381 0.62698 0.0119 0.70833 0.02579 0.60317 0.01587 0.47817 0.02778 0.59127 0.0377 0.5 0.03968 0.61291 0.01237 0.61706 0.13492 0.68849 0.01389 0.625 0.03175 1.0 0.0
