0.432165404582356 -0.587763531435416 0.5921615308747479 0.7905907930498337 2
-0.7795132998541568 -0.8191664965674684 0.08037019497147688 0.2646989129723388 1
0.9168368863569605 -0.12495760117130933 0.3646987149177388 0.2646989129723388 1
-0.05250607719224957 -1.0505694616995218 0.13723589896072927 0.001752972933591456 1
-0.7795132998541568 1.0320572244889565 -1.284406700770579 -1.3129767272601454 0
-0.9006811702978088 1.7262661198851155 -1.05694388481357 -1.0500307872213979 0
-1.1430169111851105 -1.281972426831575 0.4215644189069909 0.6591178230304598 2
-1.7488562634033669 -0.3563605663033627 -1.3412724047598314 -1.3129767272601454 0
-0.4160096885232032 2.651877980413329 -1.3412724047598314 -1.3129767272601454 0
0.31099753413870407 -0.587763531435416 0.5352958268854957 0.001752972933591456 1
1.2803404976879151 0.10644536396074403 0.7627586428425047 1.4479556431467018 2
-0.1736739476359004 -0.12495760117130933 0.250967306939234 0.001752972933591456 1
0.432165404582356 -1.9761813222277342 0.4215644189069909 0.3961718829917126 1
-1.7488562634033669 0.3378483290927974 -1.3981381087490836 -1.3129767272601454 0
-0.9006811702978088 1.0320572244889565 -1.3412724047598314 -1.3129767272601454 0
0.06866179325140237 -0.12495760117130933 0.250967306939234 0.3961718829917126 1
1.643844109018869 -0.12495760117130933 1.1608185707672711 0.5276448530110863 2
-0.29484181807955234 -0.587763531435416 0.6490272348640005 1.053536733088581 2
-1.870024133847019 -0.12495760117130933 -1.5118695167275884 -1.4444496972795189 0
0.5533332750260068 0.5692512942248498 0.5352958268854957 0.5276448530110863 1
1.0380047568006125 0.5692512942248498 1.103952866778019 1.1850097031079547 2
-0.4160096885232032 -1.5133753919636286 0.02350449098222449 -0.12971999708578205 1
-0.1736739476359004 -1.0505694616995218 -0.1470926209855324 -0.2611929671051558 1
-0.05250607719224957 -0.8191664965674684 0.19410160294998138 -0.2611929671051558 1
1.0380047568006125 -0.12495760117130933 0.8196243468317573 1.4479556431467018 2
-1.2641847816287624 0.8006542593569032 -1.05694388481357 -1.3129767272601454 0
0.7956690159133096 -0.587763531435416 0.4784301228962431 0.3961718829917126 1
0.6745011454696588 -0.587763531435416 1.0470871627887663 1.3164826731273285 2
-1.0218490407414595 -2.438987252491841 -0.1470926209855324 -0.2611929671051558 1
1.643844109018869 0.3378483290927974 1.274549978745776 0.7905907930498337 2
1.2803404976879151 0.10644536396074403 0.9333557548102621 1.1850097031079547 2
-0.29484181807955234 -0.12495760117130933 0.4215644189069909 0.3961718829917126 1
-1.0218490407414595 0.8006542593569032 -1.2275409967813267 -1.0500307872213979 0
-1.0218490407414595 -1.7447783570956819 -0.26082402896403717 -0.2611929671051558 1
0.432165404582356 -0.3563605663033627 0.30783301092848614 0.13322594295296525 1
-0.4160096885232032 1.0320572244889565 -1.3981381087490836 -1.3129767272601454 0
0.6745011454696588 0.3378483290927974 0.8764900508210095 1.4479556431467018 2
0.5533332750260068 0.8006542593569032 1.0470871627887663 1.5794286131660755 2
-1.1430169111851105 0.10644536396074403 -1.284406700770579 -1.4444496972795189 0
0.06866179325140237 0.3378483290927974 0.5921615308747479 0.7905907930498337 1
0.18982966369505322 -0.3563605663033627 0.4215644189069909 0.3961718829917126 1
-0.9006811702978088 1.7262661198851155 -1.2275409967813267 -1.3129767272601454 0
0.18982966369505322 -0.12495760117130933 0.5921615308747479 0.7905907930498337 2
-1.5065205225160652 0.8006542593569032 -1.3412724047598314 -1.1815037572407716 0
-0.1736739476359004 -0.587763531435416 0.4215644189069909 0.13322594295296525 1
0.18982966369505322 -0.8191664965674684 0.7627586428425047 0.5276448530110863 1
2.2496834612371255 -1.0505694616995218 1.7863413146490472 1.4479556431467018 2
-0.537177558966854 1.494863154753063 -1.284406700770579 -1.3129767272601454 0
-0.537177558966854 1.957669085017169 -1.1706752927920745 -1.0500307872213979 0
-1.0218490407414595 1.0320572244889565 -1.2275409967813267 -0.7870848471826506 0
1.0380047568006125 0.5692512942248498 1.103952866778019 1.7109015831854495 2
2.1285155907934734 -0.12495760117130933 1.6157442026812898 1.1850097031079547 2
-1.0218490407414595 1.0320572244889565 -1.3981381087490836 -1.1815037572407716 0
-0.9006811702978088 1.7262661198851155 -1.284406700770579 -1.1815037572407716 0
0.6745011454696588 0.3378483290927974 0.4215644189069909 0.3961718829917126 1
-0.29484181807955234 -1.281972426831575 0.08037019497147688 -0.12971999708578205 1
-0.537177558966854 0.8006542593569032 -1.284406700770579 -1.0500307872213979 0
-1.1430169111851105 -0.12495760117130933 -1.3412724047598314 -1.3129767272601454 0
-1.2641847816287624 0.8006542593569032 -1.2275409967813267 -1.3129767272601454 0
1.0380047568006125 -1.281972426831575 1.1608185707672711 0.7905907930498337 2
0.5533332750260068 -0.8191664965674684 0.6490272348640005 0.7905907930498337 2
1.522676238575217 -0.12495760117130933 1.2176842747565237 1.1850097031079547 2
0.7956690159133096 -0.12495760117130933 1.1608185707672711 1.3164826731273285 2
0.5533332750260068 -0.587763531435416 0.7627586428425047 0.3961718829917126 2
2.2496834612371255 1.7262661198851155 1.6726099066705424 1.3164826731273285 2
0.06866179325140237 -0.12495760117130933 0.7627586428425047 0.7905907930498337 2
0.31099753413870407 -0.12495760117130933 0.4784301228962431 0.2646989129723388 1
-0.05250607719224957 -0.8191664965674684 0.7627586428425047 0.9220637630692072 2
1.0380047568006125 0.10644536396074403 1.0470871627887663 1.5794286131660755 2
-1.1430169111851105 0.10644536396074403 -1.284406700770579 -1.4444496972795189 0
0.432165404582356 0.8006542593569032 0.9333557548102621 1.4479556431467018 2
0.5533332750260068 -1.281972426831575 0.7058929388532527 0.9220637630692072 2
-1.2641847816287624 -0.12495760117130933 -1.3412724047598314 -1.1815037572407716 0
-1.0218490407414595 0.8006542593569032 -1.284406700770579 -1.3129767272601454 0
1.8861798499061717 -0.587763531435416 1.331415682735028 0.9220637630692072 2
1.1591726272442633 0.3378483290927974 1.2176842747565237 1.4479556431467018 2
0.31099753413870407 -0.587763531435416 0.13723589896072927 0.13322594295296525 1
1.0380047568006125 0.10644536396074403 0.3646987149177388 0.2646989129723388 1
0.5533332750260068 0.5692512942248498 1.274549978745776 1.7109015831854495 2
-1.5065205225160652 0.3378483290927974 -1.3412724047598314 -1.3129767272601454 0
0.5533332750260068 -1.281972426831575 0.6490272348640005 0.3961718829917126 1
-0.29484181807955234 -0.12495760117130933 0.19410160294998138 0.13322594295296525 1
0.31099753413870407 -0.12495760117130933 0.6490272348640005 0.7905907930498337 2
0.6745011454696588 -0.8191664965674684 0.8764900508210095 0.9220637630692072 2
-0.1736739476359004 3.1146839106774356 -1.284406700770579 -1.0500307872213979 0
-0.4160096885232032 -1.7447783570956819 0.13723589896072927 0.13322594295296525 1
0.31099753413870407 -1.0505694616995218 1.0470871627887663 0.2646989129723388 2
1.1591726272442633 -0.12495760117130933 0.9902214587995143 1.1850097031079547 2
-0.05250607719224957 -0.587763531435416 0.7627586428425047 1.5794286131660755 2
-1.0218490407414595 0.5692512942248498 -1.3412724047598314 -1.3129767272601454 0
-1.3853526520724133 0.3378483290927974 -1.2275409967813267 -1.3129767272601454 0
0.31099753413870407 -0.3563605663033627 0.5352958268854957 0.2646989129723388 1
0.7956690159133096 0.3378483290927974 0.7627586428425047 1.053536733088581 2
-0.7795132998541568 0.8006542593569032 -1.3412724047598314 -1.3129767272601454 0
0.9168368863569605 -0.3563605663033627 0.4784301228962431 0.13322594295296525 1
2.4920192021244283 1.7262661198851155 1.5020127947027855 1.053536733088581 2
-0.9006811702978088 0.8006542593569032 -1.284406700770579 -1.3129767272601454 0
1.0380047568006125 -0.12495760117130933 0.7058929388532527 0.6591178230304598 1
-1.5065205225160652 1.2634601896210098 -1.5687352207168408 -1.3129767272601454 0
-0.05250607719224957 -0.8191664965674684 0.7627586428425047 0.9220637630692072 2
1.2803404976879151 0.10644536396074403 0.6490272348640005 0.3961718829917126 1
0.7956690159133096 -0.12495760117130933 0.9902214587995143 0.7905907930498337 2
-1.5065205225160652 0.10644536396074403 -1.284406700770579 -1.3129767272601454 0
-1.0218490407414595 -0.12495760117130933 -1.2275409967813267 -1.3129767272601454 0
0.5533332750260068 -1.7447783570956819 0.3646987149177388 0.13322594295296525 1
