1.00000
0.01000
0.10072
0.00242
0.08382
0.00351
34.65000
0.34198
1.00000
0.01000
0.10380
0.00370
0.08517
0.00293
32.45000
0.32812
1.00000
0.01000
0.03998
0.00418
0.03482
0.00295
23.10000
0.32853
1.00000
0.01000
0.10480
0.01050
0.11040
0.00833
25.35000
0.87332
1.00000
0.01000
0.08641
0.00880
0.07109
0.00744
32.85000
0.31930
1.00000
0.01000
0.04197
0.00238
0.03915
0.00153
25.25000
0.32744
1.00000
0.01000
0.09957
0.00552
0.10639
0.00374
22.25000
0.90647
1.00000
0.01000
0.10569
0.00282
0.09242
0.00845
35.00000
0.34000
1.00000
0.01000
0.03952
0.00269
0.03530
0.00248
19.85000
0.33983
1.00000
0.01000
0.11034
0.01381
0.11521
0.01140
25.15000
0.96264
