0.00000
0.01000
0.14741
0.01124
0.09432
0.00699
41.30000
0.07883
0.00000
0.01000
0.04177
0.00218
0.03707
0.00109
26.20000
0.07769
0.00000
0.01000
0.15232
0.01243
0.09472
0.00895
36.50000
0.07865
0.00000
0.01000
0.06998
0.02837
0.05570
0.02756
29.60000
0.07994
0.00000
0.01000
0.17655
0.01527
0.11224
0.01092
37.80000
0.07832
0.00000
0.01000
0.05207
0.00234
0.04364
0.00235
27.30000
0.07938
1.00000
0.01000
0.14069
0.02386
0.08890
0.01591
39.90000
0.28307
1.00000
0.01000
0.05606
0.00180
0.04149
0.00192
27.10000
0.25594
1.00000
0.01000
0.08699
0.00503
0.07591
0.00554
33.05000
0.74635
1.00000
0.01000
0.04189
0.00395
0.03938
0.00268
22.30000
0.81939
1.00000
0.01000
0.09219
0.00366
0.07651
0.00363
35.25000
0.80182
1.00000
0.01000
0.03274
0.00131
0.03317
0.00203
18.10000
0.80908
0.00000
0.01000
0.13495
0.01392
0.13638
0.01270
22.20000
0.25493
1.00000
0.01000
0.09472
0.00114
0.10324
0.00049
18.75000
2.96129
1.00000
0.01000
0.09890
0.00654
0.10594
0.00478
22.70000
2.88826
0.00000
0.01000
1.27269
0.00114
2.00000
0.00000
99.60000
0.12181
0.00000
0.01000
0.72559
0.05362
0.39063
0.16933
96.10000
0.34741
0.00000
0.01000
22.77905
12.05420
16.93769
8.40304
99.35000
0.21790
0.00000
0.01000
56.65837
7.90156
20.73303
14.70159
96.35000
0.34251
0.00000
0.01000
30.78667
9.81099
32.94698
10.25991
99.25000
0.23852
0.00000
0.01000
23.43543
10.84981
25.79455
23.05466
99.27000
0.78526
0.00000
0.01000
0.08863
0.00763
0.08971
0.00739
30.53000
1.45414
0.00000
0.01000
0.02109
0.00165
0.01996
0.00197
11.26000
1.43039
0.00000
0.01000
0.09323
0.00028
0.10312
0.00045
17.11000
2.26039
1.00000
0.01000
0.10035
0.00388
0.08201
0.00269
35.95000
0.90303
1.00000
0.01000
0.11168
0.00788
0.08303
0.00187
36.85000
0.87301
0.00000
0.01000
69.91905
1.41542
14.29455
4.06027
91.35000
0.14826
0.00000
0.01000
68.40381
0.76607
64.59351
1.43554
92.95000
0.17269
0.00000
0.01000
79.53219
4.47164
84.90991
2.21897
93.44000
0.51996
0.00000
0.01000
0.06787
0.00881
0.06015
0.00868
28.74000
0.35512
1.00000
0.01000
0.09466
0.00125
0.08620
0.00510
32.74000
1.83096
0.00000
0.01000
0.09504
0.00305
0.07851
0.00283
31.02000
0.36280
0.00000
0.01000
0.07662
0.00762
0.05680
0.00531
27.52000
0.36131
1.00000
0.01000
0.10883
0.01003
0.08002
0.00250
39.50000
0.51079
1.00000
0.01000
0.10114
0.00424
0.07949
0.00388
38.25000
0.77117
1.00000
0.01000
97.55143
0.49023
96.34167
0.82801
95.55000
0.69206
1.00000
0.01000
0.08977
0.00643
0.07373
0.00473
33.80000
0.57946
1.00000
0.01000
0.03915
0.00311
0.03223
0.00249
20.75000
0.56354
